--- # 0
[81 9 90 1 82 10 91]

--- # 1
[0 81 9 90 82 10 91 2 83 11 92]

--- # 2
[1 82 10 91 83 11 92 3 84 12 93]

--- # 3
[2 83 11 92 84 12 93 4 85 13 94]

--- # 4
[3 84 12 93 85 13 94 5 86 14 95]

--- # 5
[4 85 13 94 86 14 95 6 87 15 96]

--- # 6
[5 86 14 95 87 15 96 7 88 16 97]

--- # 7
[6 87 15 96 88 16 97 8 89 17 98]

--- # 8
[7 88 16 97 89 17 98]

--- # 9
[0 81 90 18 99 1 82 10 91 19 100]

--- # 10
[0 81 9 90 18 99 1 82 91 19 100 2 83 11 92 20 101]

--- # 11
[1 82 10 91 19 100 2 83 92 20 101 3 84 12 93 21 102]

--- # 12
[2 83 11 92 20 101 3 84 93 21 102 4 85 13 94 22 103]

--- # 13
[3 84 12 93 21 102 4 85 94 22 103 5 86 14 95 23 104]

--- # 14
[4 85 13 94 22 103 5 86 95 23 104 6 87 15 96 24 105]

--- # 15
[5 86 14 95 23 104 6 87 96 24 105 7 88 16 97 25 106]

--- # 16
[6 87 15 96 24 105 7 88 97 25 106 8 89 17 98 26 107]

--- # 17
[7 88 16 97 25 106 8 89 98 26 107]

--- # 18
[9 90 99 27 108 10 91 19 100 28 109]

--- # 19
[9 90 18 99 27 108 10 91 100 28 109 11 92 20 101 29 110]

--- # 20
[10 91 19 100 28 109 11 92 101 29 110 12 93 21 102 30 111]

--- # 21
[11 92 20 101 29 110 12 93 102 30 111 13 94 22 103 31 112]

--- # 22
[12 93 21 102 30 111 13 94 103 31 112 14 95 23 104 32 113]

--- # 23
[13 94 22 103 31 112 14 95 104 32 113 15 96 24 105 33 114]

--- # 24
[14 95 23 104 32 113 15 96 105 33 114 16 97 25 106 34 115]

--- # 25
[15 96 24 105 33 114 16 97 106 34 115 17 98 26 107 35 116]

--- # 26
[16 97 25 106 34 115 17 98 107 35 116]

--- # 27
[18 99 108 36 117 19 100 28 109 37 118]

--- # 28
[18 99 27 108 36 117 19 100 109 37 118 20 101 29 110 38 119]

--- # 29
[19 100 28 109 37 118 20 101 110 38 119 21 102 30 111 39 120]

--- # 30
[20 101 29 110 38 119 21 102 111 39 120 22 103 31 112 40 121]

--- # 31
[21 102 30 111 39 120 22 103 112 40 121 23 104 32 113 41 122]

--- # 32
[22 103 31 112 40 121 23 104 113 41 122 24 105 33 114 42 123]

--- # 33
[23 104 32 113 41 122 24 105 114 42 123 25 106 34 115 43 124]

--- # 34
[24 105 33 114 42 123 25 106 115 43 124 26 107 35 116 44 125]

--- # 35
[25 106 34 115 43 124 26 107 116 44 125]

--- # 36
[27 108 117 45 126 28 109 37 118 46 127]

--- # 37
[27 108 36 117 45 126 28 109 118 46 127 29 110 38 119 47 128]

--- # 38
[28 109 37 118 46 127 29 110 119 47 128 30 111 39 120 48 129]

--- # 39
[29 110 38 119 47 128 30 111 120 48 129 31 112 40 121 49 130]

--- # 40
[30 111 39 120 48 129 31 112 121 49 130 32 113 41 122 50 131]

--- # 41
[31 112 40 121 49 130 32 113 122 50 131 33 114 42 123 51 132]

--- # 42
[32 113 41 122 50 131 33 114 123 51 132 34 115 43 124 52 133]

--- # 43
[33 114 42 123 51 132 34 115 124 52 133 35 116 44 125 53 134]

--- # 44
[34 115 43 124 52 133 35 116 125 53 134]

--- # 45
[36 117 126 54 135 37 118 46 127 55 136]

--- # 46
[36 117 45 126 54 135 37 118 127 55 136 38 119 47 128 56 137]

--- # 47
[37 118 46 127 55 136 38 119 128 56 137 39 120 48 129 57 138]

--- # 48
[38 119 47 128 56 137 39 120 129 57 138 40 121 49 130 58 139]

--- # 49
[39 120 48 129 57 138 40 121 130 58 139 41 122 50 131 59 140]

--- # 50
[40 121 49 130 58 139 41 122 131 59 140 42 123 51 132 60 141]

--- # 51
[41 122 50 131 59 140 42 123 132 60 141 43 124 52 133 61 142]

--- # 52
[42 123 51 132 60 141 43 124 133 61 142 44 125 53 134 62 143]

--- # 53
[43 124 52 133 61 142 44 125 134 62 143]

--- # 54
[45 126 135 63 144 46 127 55 136 64 145]

--- # 55
[45 126 54 135 63 144 46 127 136 64 145 47 128 56 137 65 146]

--- # 56
[46 127 55 136 64 145 47 128 137 65 146 48 129 57 138 66 147]

--- # 57
[47 128 56 137 65 146 48 129 138 66 147 49 130 58 139 67 148]

--- # 58
[48 129 57 138 66 147 49 130 139 67 148 50 131 59 140 68 149]

--- # 59
[49 130 58 139 67 148 50 131 140 68 149 51 132 60 141 69 150]

--- # 60
[50 131 59 140 68 149 51 132 141 69 150 52 133 61 142 70 151]

--- # 61
[51 132 60 141 69 150 52 133 142 70 151 53 134 62 143 71 152]

--- # 62
[52 133 61 142 70 151 53 134 143 71 152]

--- # 63
[54 135 144 72 153 55 136 64 145 73 154]

--- # 64
[54 135 63 144 72 153 55 136 145 73 154 56 137 65 146 74 155]

--- # 65
[55 136 64 145 73 154 56 137 146 74 155 57 138 66 147 75 156]

--- # 66
[56 137 65 146 74 155 57 138 147 75 156 58 139 67 148 76 157]

--- # 67
[57 138 66 147 75 156 58 139 148 76 157 59 140 68 149 77 158]

--- # 68
[58 139 67 148 76 157 59 140 149 77 158 60 141 69 150 78 159]

--- # 69
[59 140 68 149 77 158 60 141 150 78 159 61 142 70 151 79 160]

--- # 70
[60 141 69 150 78 159 61 142 151 79 160 62 143 71 152 80 161]

--- # 71
[61 142 70 151 79 160 62 143 152 80 161]

--- # 72
[63 144 153 64 145 73 154]

--- # 73
[63 144 72 153 64 145 154 65 146 74 155]

--- # 74
[64 145 73 154 65 146 155 66 147 75 156]

--- # 75
[65 146 74 155 66 147 156 67 148 76 157]

--- # 76
[66 147 75 156 67 148 157 68 149 77 158]

--- # 77
[67 148 76 157 68 149 158 69 150 78 159]

--- # 78
[68 149 77 158 69 150 159 70 151 79 160]

--- # 79
[69 150 78 159 70 151 160 71 152 80 161]

--- # 80
[70 151 79 160 71 152 161]

--- # 81
[0 162 9 90 171 1 82 163 10 91 172]

--- # 82
[0 81 162 9 90 171 1 163 10 91 172 2 83 164 11 92 173]

--- # 83
[1 82 163 10 91 172 2 164 11 92 173 3 84 165 12 93 174]

--- # 84
[2 83 164 11 92 173 3 165 12 93 174 4 85 166 13 94 175]

--- # 85
[3 84 165 12 93 174 4 166 13 94 175 5 86 167 14 95 176]

--- # 86
[4 85 166 13 94 175 5 167 14 95 176 6 87 168 15 96 177]

--- # 87
[5 86 167 14 95 176 6 168 15 96 177 7 88 169 16 97 178]

--- # 88
[6 87 168 15 96 177 7 169 16 97 178 8 89 170 17 98 179]

--- # 89
[7 88 169 16 97 178 8 170 17 98 179]

--- # 90
[0 81 162 9 171 18 99 180 1 82 163 10 91 172 19 100 181]

--- # 91
[0 81 162 9 90 171 18 99 180 1 82 163 10 172 19 100 181 2 83 164 11 92 173 20 101 182]

--- # 92
[1 82 163 10 91 172 19 100 181 2 83 164 11 173 20 101 182 3 84 165 12 93 174 21 102 183]

--- # 93
[2 83 164 11 92 173 20 101 182 3 84 165 12 174 21 102 183 4 85 166 13 94 175 22 103 184]

--- # 94
[3 84 165 12 93 174 21 102 183 4 85 166 13 175 22 103 184 5 86 167 14 95 176 23 104 185]

--- # 95
[4 85 166 13 94 175 22 103 184 5 86 167 14 176 23 104 185 6 87 168 15 96 177 24 105 186]

--- # 96
[5 86 167 14 95 176 23 104 185 6 87 168 15 177 24 105 186 7 88 169 16 97 178 25 106 187]

--- # 97
[6 87 168 15 96 177 24 105 186 7 88 169 16 178 25 106 187 8 89 170 17 98 179 26 107 188]

--- # 98
[7 88 169 16 97 178 25 106 187 8 89 170 17 179 26 107 188]

--- # 99
[9 90 171 18 180 27 108 189 10 91 172 19 100 181 28 109 190]

--- # 100
[9 90 171 18 99 180 27 108 189 10 91 172 19 181 28 109 190 11 92 173 20 101 182 29 110 191]

--- # 101
[10 91 172 19 100 181 28 109 190 11 92 173 20 182 29 110 191 12 93 174 21 102 183 30 111 192]

--- # 102
[11 92 173 20 101 182 29 110 191 12 93 174 21 183 30 111 192 13 94 175 22 103 184 31 112 193]

--- # 103
[12 93 174 21 102 183 30 111 192 13 94 175 22 184 31 112 193 14 95 176 23 104 185 32 113 194]

--- # 104
[13 94 175 22 103 184 31 112 193 14 95 176 23 185 32 113 194 15 96 177 24 105 186 33 114 195]

--- # 105
[14 95 176 23 104 185 32 113 194 15 96 177 24 186 33 114 195 16 97 178 25 106 187 34 115 196]

--- # 106
[15 96 177 24 105 186 33 114 195 16 97 178 25 187 34 115 196 17 98 179 26 107 188 35 116 197]

--- # 107
[16 97 178 25 106 187 34 115 196 17 98 179 26 188 35 116 197]

--- # 108
[18 99 180 27 189 36 117 198 19 100 181 28 109 190 37 118 199]

--- # 109
[18 99 180 27 108 189 36 117 198 19 100 181 28 190 37 118 199 20 101 182 29 110 191 38 119 200]

--- # 110
[19 100 181 28 109 190 37 118 199 20 101 182 29 191 38 119 200 21 102 183 30 111 192 39 120 201]

--- # 111
[20 101 182 29 110 191 38 119 200 21 102 183 30 192 39 120 201 22 103 184 31 112 193 40 121 202]

--- # 112
[21 102 183 30 111 192 39 120 201 22 103 184 31 193 40 121 202 23 104 185 32 113 194 41 122 203]

--- # 113
[22 103 184 31 112 193 40 121 202 23 104 185 32 194 41 122 203 24 105 186 33 114 195 42 123 204]

--- # 114
[23 104 185 32 113 194 41 122 203 24 105 186 33 195 42 123 204 25 106 187 34 115 196 43 124 205]

--- # 115
[24 105 186 33 114 195 42 123 204 25 106 187 34 196 43 124 205 26 107 188 35 116 197 44 125 206]

--- # 116
[25 106 187 34 115 196 43 124 205 26 107 188 35 197 44 125 206]

--- # 117
[27 108 189 36 198 45 126 207 28 109 190 37 118 199 46 127 208]

--- # 118
[27 108 189 36 117 198 45 126 207 28 109 190 37 199 46 127 208 29 110 191 38 119 200 47 128 209]

--- # 119
[28 109 190 37 118 199 46 127 208 29 110 191 38 200 47 128 209 30 111 192 39 120 201 48 129 210]

--- # 120
[29 110 191 38 119 200 47 128 209 30 111 192 39 201 48 129 210 31 112 193 40 121 202 49 130 211]

--- # 121
[30 111 192 39 120 201 48 129 210 31 112 193 40 202 49 130 211 32 113 194 41 122 203 50 131 212]

--- # 122
[31 112 193 40 121 202 49 130 211 32 113 194 41 203 50 131 212 33 114 195 42 123 204 51 132 213]

--- # 123
[32 113 194 41 122 203 50 131 212 33 114 195 42 204 51 132 213 34 115 196 43 124 205 52 133 214]

--- # 124
[33 114 195 42 123 204 51 132 213 34 115 196 43 205 52 133 214 35 116 197 44 125 206 53 134 215]

--- # 125
[34 115 196 43 124 205 52 133 214 35 116 197 44 206 53 134 215]

--- # 126
[36 117 198 45 207 54 135 216 37 118 199 46 127 208 55 136 217]

--- # 127
[36 117 198 45 126 207 54 135 216 37 118 199 46 208 55 136 217 38 119 200 47 128 209 56 137 218]

--- # 128
[37 118 199 46 127 208 55 136 217 38 119 200 47 209 56 137 218 39 120 201 48 129 210 57 138 219]

--- # 129
[38 119 200 47 128 209 56 137 218 39 120 201 48 210 57 138 219 40 121 202 49 130 211 58 139 220]

--- # 130
[39 120 201 48 129 210 57 138 219 40 121 202 49 211 58 139 220 41 122 203 50 131 212 59 140 221]

--- # 131
[40 121 202 49 130 211 58 139 220 41 122 203 50 212 59 140 221 42 123 204 51 132 213 60 141 222]

--- # 132
[41 122 203 50 131 212 59 140 221 42 123 204 51 213 60 141 222 43 124 205 52 133 214 61 142 223]

--- # 133
[42 123 204 51 132 213 60 141 222 43 124 205 52 214 61 142 223 44 125 206 53 134 215 62 143 224]

--- # 134
[43 124 205 52 133 214 61 142 223 44 125 206 53 215 62 143 224]

--- # 135
[45 126 207 54 216 63 144 225 46 127 208 55 136 217 64 145 226]

--- # 136
[45 126 207 54 135 216 63 144 225 46 127 208 55 217 64 145 226 47 128 209 56 137 218 65 146 227]

--- # 137
[46 127 208 55 136 217 64 145 226 47 128 209 56 218 65 146 227 48 129 210 57 138 219 66 147 228]

--- # 138
[47 128 209 56 137 218 65 146 227 48 129 210 57 219 66 147 228 49 130 211 58 139 220 67 148 229]

--- # 139
[48 129 210 57 138 219 66 147 228 49 130 211 58 220 67 148 229 50 131 212 59 140 221 68 149 230]

--- # 140
[49 130 211 58 139 220 67 148 229 50 131 212 59 221 68 149 230 51 132 213 60 141 222 69 150 231]

--- # 141
[50 131 212 59 140 221 68 149 230 51 132 213 60 222 69 150 231 52 133 214 61 142 223 70 151 232]

--- # 142
[51 132 213 60 141 222 69 150 231 52 133 214 61 223 70 151 232 53 134 215 62 143 224 71 152 233]

--- # 143
[52 133 214 61 142 223 70 151 232 53 134 215 62 224 71 152 233]

--- # 144
[54 135 216 63 225 72 153 234 55 136 217 64 145 226 73 154 235]

--- # 145
[54 135 216 63 144 225 72 153 234 55 136 217 64 226 73 154 235 56 137 218 65 146 227 74 155 236]

--- # 146
[55 136 217 64 145 226 73 154 235 56 137 218 65 227 74 155 236 57 138 219 66 147 228 75 156 237]

--- # 147
[56 137 218 65 146 227 74 155 236 57 138 219 66 228 75 156 237 58 139 220 67 148 229 76 157 238]

--- # 148
[57 138 219 66 147 228 75 156 237 58 139 220 67 229 76 157 238 59 140 221 68 149 230 77 158 239]

--- # 149
[58 139 220 67 148 229 76 157 238 59 140 221 68 230 77 158 239 60 141 222 69 150 231 78 159 240]

--- # 150
[59 140 221 68 149 230 77 158 239 60 141 222 69 231 78 159 240 61 142 223 70 151 232 79 160 241]

--- # 151
[60 141 222 69 150 231 78 159 240 61 142 223 70 232 79 160 241 62 143 224 71 152 233 80 161 242]

--- # 152
[61 142 223 70 151 232 79 160 241 62 143 224 71 233 80 161 242]

--- # 153
[63 144 225 72 234 64 145 226 73 154 235]

--- # 154
[63 144 225 72 153 234 64 145 226 73 235 65 146 227 74 155 236]

--- # 155
[64 145 226 73 154 235 65 146 227 74 236 66 147 228 75 156 237]

--- # 156
[65 146 227 74 155 236 66 147 228 75 237 67 148 229 76 157 238]

--- # 157
[66 147 228 75 156 237 67 148 229 76 238 68 149 230 77 158 239]

--- # 158
[67 148 229 76 157 238 68 149 230 77 239 69 150 231 78 159 240]

--- # 159
[68 149 230 77 158 239 69 150 231 78 240 70 151 232 79 160 241]

--- # 160
[69 150 231 78 159 240 70 151 232 79 241 71 152 233 80 161 242]

--- # 161
[70 151 232 79 160 241 71 152 233 80 242]

--- # 162
[81 243 90 171 252 82 163 244 91 172 253]

--- # 163
[81 162 243 90 171 252 82 244 91 172 253 83 164 245 92 173 254]

--- # 164
[82 163 244 91 172 253 83 245 92 173 254 84 165 246 93 174 255]

--- # 165
[83 164 245 92 173 254 84 246 93 174 255 85 166 247 94 175 256]

--- # 166
[84 165 246 93 174 255 85 247 94 175 256 86 167 248 95 176 257]

--- # 167
[85 166 247 94 175 256 86 248 95 176 257 87 168 249 96 177 258]

--- # 168
[86 167 248 95 176 257 87 249 96 177 258 88 169 250 97 178 259]

--- # 169
[87 168 249 96 177 258 88 250 97 178 259 89 170 251 98 179 260]

--- # 170
[88 169 250 97 178 259 89 251 98 179 260]

--- # 171
[81 162 243 90 252 99 180 261 82 163 244 91 172 253 100 181 262]

--- # 172
[81 162 243 90 171 252 99 180 261 82 163 244 91 253 100 181 262 83 164 245 92 173 254 101 182 263]

--- # 173
[82 163 244 91 172 253 100 181 262 83 164 245 92 254 101 182 263 84 165 246 93 174 255 102 183 264]

--- # 174
[83 164 245 92 173 254 101 182 263 84 165 246 93 255 102 183 264 85 166 247 94 175 256 103 184 265]

--- # 175
[84 165 246 93 174 255 102 183 264 85 166 247 94 256 103 184 265 86 167 248 95 176 257 104 185 266]

--- # 176
[85 166 247 94 175 256 103 184 265 86 167 248 95 257 104 185 266 87 168 249 96 177 258 105 186 267]

--- # 177
[86 167 248 95 176 257 104 185 266 87 168 249 96 258 105 186 267 88 169 250 97 178 259 106 187 268]

--- # 178
[87 168 249 96 177 258 105 186 267 88 169 250 97 259 106 187 268 89 170 251 98 179 260 107 188 269]

--- # 179
[88 169 250 97 178 259 106 187 268 89 170 251 98 260 107 188 269]

--- # 180
[90 171 252 99 261 108 189 270 91 172 253 100 181 262 109 190 271]

--- # 181
[90 171 252 99 180 261 108 189 270 91 172 253 100 262 109 190 271 92 173 254 101 182 263 110 191 272]

--- # 182
[91 172 253 100 181 262 109 190 271 92 173 254 101 263 110 191 272 93 174 255 102 183 264 111 192 273]

--- # 183
[92 173 254 101 182 263 110 191 272 93 174 255 102 264 111 192 273 94 175 256 103 184 265 112 193 274]

--- # 184
[93 174 255 102 183 264 111 192 273 94 175 256 103 265 112 193 274 95 176 257 104 185 266 113 194 275]

--- # 185
[94 175 256 103 184 265 112 193 274 95 176 257 104 266 113 194 275 96 177 258 105 186 267 114 195 276]

--- # 186
[95 176 257 104 185 266 113 194 275 96 177 258 105 267 114 195 276 97 178 259 106 187 268 115 196 277]

--- # 187
[96 177 258 105 186 267 114 195 276 97 178 259 106 268 115 196 277 98 179 260 107 188 269 116 197 278]

--- # 188
[97 178 259 106 187 268 115 196 277 98 179 260 107 269 116 197 278]

--- # 189
[99 180 261 108 270 117 198 279 100 181 262 109 190 271 118 199 280]

--- # 190
[99 180 261 108 189 270 117 198 279 100 181 262 109 271 118 199 280 101 182 263 110 191 272 119 200 281]

--- # 191
[100 181 262 109 190 271 118 199 280 101 182 263 110 272 119 200 281 102 183 264 111 192 273 120 201 282]

--- # 192
[101 182 263 110 191 272 119 200 281 102 183 264 111 273 120 201 282 103 184 265 112 193 274 121 202 283]

--- # 193
[102 183 264 111 192 273 120 201 282 103 184 265 112 274 121 202 283 104 185 266 113 194 275 122 203 284]

--- # 194
[103 184 265 112 193 274 121 202 283 104 185 266 113 275 122 203 284 105 186 267 114 195 276 123 204 285]

--- # 195
[104 185 266 113 194 275 122 203 284 105 186 267 114 276 123 204 285 106 187 268 115 196 277 124 205 286]

--- # 196
[105 186 267 114 195 276 123 204 285 106 187 268 115 277 124 205 286 107 188 269 116 197 278 125 206 287]

--- # 197
[106 187 268 115 196 277 124 205 286 107 188 269 116 278 125 206 287]

--- # 198
[108 189 270 117 279 126 207 288 109 190 271 118 199 280 127 208 289]

--- # 199
[108 189 270 117 198 279 126 207 288 109 190 271 118 280 127 208 289 110 191 272 119 200 281 128 209 290]

--- # 200
[109 190 271 118 199 280 127 208 289 110 191 272 119 281 128 209 290 111 192 273 120 201 282 129 210 291]

--- # 201
[110 191 272 119 200 281 128 209 290 111 192 273 120 282 129 210 291 112 193 274 121 202 283 130 211 292]

--- # 202
[111 192 273 120 201 282 129 210 291 112 193 274 121 283 130 211 292 113 194 275 122 203 284 131 212 293]

--- # 203
[112 193 274 121 202 283 130 211 292 113 194 275 122 284 131 212 293 114 195 276 123 204 285 132 213 294]

--- # 204
[113 194 275 122 203 284 131 212 293 114 195 276 123 285 132 213 294 115 196 277 124 205 286 133 214 295]

--- # 205
[114 195 276 123 204 285 132 213 294 115 196 277 124 286 133 214 295 116 197 278 125 206 287 134 215 296]

--- # 206
[115 196 277 124 205 286 133 214 295 116 197 278 125 287 134 215 296]

--- # 207
[117 198 279 126 288 135 216 297 118 199 280 127 208 289 136 217 298]

--- # 208
[117 198 279 126 207 288 135 216 297 118 199 280 127 289 136 217 298 119 200 281 128 209 290 137 218 299]

--- # 209
[118 199 280 127 208 289 136 217 298 119 200 281 128 290 137 218 299 120 201 282 129 210 291 138 219 300]

--- # 210
[119 200 281 128 209 290 137 218 299 120 201 282 129 291 138 219 300 121 202 283 130 211 292 139 220 301]

--- # 211
[120 201 282 129 210 291 138 219 300 121 202 283 130 292 139 220 301 122 203 284 131 212 293 140 221 302]

--- # 212
[121 202 283 130 211 292 139 220 301 122 203 284 131 293 140 221 302 123 204 285 132 213 294 141 222 303]

--- # 213
[122 203 284 131 212 293 140 221 302 123 204 285 132 294 141 222 303 124 205 286 133 214 295 142 223 304]

--- # 214
[123 204 285 132 213 294 141 222 303 124 205 286 133 295 142 223 304 125 206 287 134 215 296 143 224 305]

--- # 215
[124 205 286 133 214 295 142 223 304 125 206 287 134 296 143 224 305]

--- # 216
[126 207 288 135 297 144 225 306 127 208 289 136 217 298 145 226 307]

--- # 217
[126 207 288 135 216 297 144 225 306 127 208 289 136 298 145 226 307 128 209 290 137 218 299 146 227 308]

--- # 218
[127 208 289 136 217 298 145 226 307 128 209 290 137 299 146 227 308 129 210 291 138 219 300 147 228 309]

--- # 219
[128 209 290 137 218 299 146 227 308 129 210 291 138 300 147 228 309 130 211 292 139 220 301 148 229 310]

--- # 220
[129 210 291 138 219 300 147 228 309 130 211 292 139 301 148 229 310 131 212 293 140 221 302 149 230 311]

--- # 221
[130 211 292 139 220 301 148 229 310 131 212 293 140 302 149 230 311 132 213 294 141 222 303 150 231 312]

--- # 222
[131 212 293 140 221 302 149 230 311 132 213 294 141 303 150 231 312 133 214 295 142 223 304 151 232 313]

--- # 223
[132 213 294 141 222 303 150 231 312 133 214 295 142 304 151 232 313 134 215 296 143 224 305 152 233 314]

--- # 224
[133 214 295 142 223 304 151 232 313 134 215 296 143 305 152 233 314]

--- # 225
[135 216 297 144 306 153 234 315 136 217 298 145 226 307 154 235 316]

--- # 226
[135 216 297 144 225 306 153 234 315 136 217 298 145 307 154 235 316 137 218 299 146 227 308 155 236 317]

--- # 227
[136 217 298 145 226 307 154 235 316 137 218 299 146 308 155 236 317 138 219 300 147 228 309 156 237 318]

--- # 228
[137 218 299 146 227 308 155 236 317 138 219 300 147 309 156 237 318 139 220 301 148 229 310 157 238 319]

--- # 229
[138 219 300 147 228 309 156 237 318 139 220 301 148 310 157 238 319 140 221 302 149 230 311 158 239 320]

--- # 230
[139 220 301 148 229 310 157 238 319 140 221 302 149 311 158 239 320 141 222 303 150 231 312 159 240 321]

--- # 231
[140 221 302 149 230 311 158 239 320 141 222 303 150 312 159 240 321 142 223 304 151 232 313 160 241 322]

--- # 232
[141 222 303 150 231 312 159 240 321 142 223 304 151 313 160 241 322 143 224 305 152 233 314 161 242 323]

--- # 233
[142 223 304 151 232 313 160 241 322 143 224 305 152 314 161 242 323]

--- # 234
[144 225 306 153 315 145 226 307 154 235 316]

--- # 235
[144 225 306 153 234 315 145 226 307 154 316 146 227 308 155 236 317]

--- # 236
[145 226 307 154 235 316 146 227 308 155 317 147 228 309 156 237 318]

--- # 237
[146 227 308 155 236 317 147 228 309 156 318 148 229 310 157 238 319]

--- # 238
[147 228 309 156 237 318 148 229 310 157 319 149 230 311 158 239 320]

--- # 239
[148 229 310 157 238 319 149 230 311 158 320 150 231 312 159 240 321]

--- # 240
[149 230 311 158 239 320 150 231 312 159 321 151 232 313 160 241 322]

--- # 241
[150 231 312 159 240 321 151 232 313 160 322 152 233 314 161 242 323]

--- # 242
[151 232 313 160 241 322 152 233 314 161 323]

--- # 243
[162 324 171 252 333 163 244 325 172 253 334]

--- # 244
[162 243 324 171 252 333 163 325 172 253 334 164 245 326 173 254 335]

--- # 245
[163 244 325 172 253 334 164 326 173 254 335 165 246 327 174 255 336]

--- # 246
[164 245 326 173 254 335 165 327 174 255 336 166 247 328 175 256 337]

--- # 247
[165 246 327 174 255 336 166 328 175 256 337 167 248 329 176 257 338]

--- # 248
[166 247 328 175 256 337 167 329 176 257 338 168 249 330 177 258 339]

--- # 249
[167 248 329 176 257 338 168 330 177 258 339 169 250 331 178 259 340]

--- # 250
[168 249 330 177 258 339 169 331 178 259 340 170 251 332 179 260 341]

--- # 251
[169 250 331 178 259 340 170 332 179 260 341]

--- # 252
[162 243 324 171 333 180 261 342 163 244 325 172 253 334 181 262 343]

--- # 253
[162 243 324 171 252 333 180 261 342 163 244 325 172 334 181 262 343 164 245 326 173 254 335 182 263 344]

--- # 254
[163 244 325 172 253 334 181 262 343 164 245 326 173 335 182 263 344 165 246 327 174 255 336 183 264 345]

--- # 255
[164 245 326 173 254 335 182 263 344 165 246 327 174 336 183 264 345 166 247 328 175 256 337 184 265 346]

--- # 256
[165 246 327 174 255 336 183 264 345 166 247 328 175 337 184 265 346 167 248 329 176 257 338 185 266 347]

--- # 257
[166 247 328 175 256 337 184 265 346 167 248 329 176 338 185 266 347 168 249 330 177 258 339 186 267 348]

--- # 258
[167 248 329 176 257 338 185 266 347 168 249 330 177 339 186 267 348 169 250 331 178 259 340 187 268 349]

--- # 259
[168 249 330 177 258 339 186 267 348 169 250 331 178 340 187 268 349 170 251 332 179 260 341 188 269 350]

--- # 260
[169 250 331 178 259 340 187 268 349 170 251 332 179 341 188 269 350]

--- # 261
[171 252 333 180 342 189 270 351 172 253 334 181 262 343 190 271 352]

--- # 262
[171 252 333 180 261 342 189 270 351 172 253 334 181 343 190 271 352 173 254 335 182 263 344 191 272 353]

--- # 263
[172 253 334 181 262 343 190 271 352 173 254 335 182 344 191 272 353 174 255 336 183 264 345 192 273 354]

--- # 264
[173 254 335 182 263 344 191 272 353 174 255 336 183 345 192 273 354 175 256 337 184 265 346 193 274 355]

--- # 265
[174 255 336 183 264 345 192 273 354 175 256 337 184 346 193 274 355 176 257 338 185 266 347 194 275 356]

--- # 266
[175 256 337 184 265 346 193 274 355 176 257 338 185 347 194 275 356 177 258 339 186 267 348 195 276 357]

--- # 267
[176 257 338 185 266 347 194 275 356 177 258 339 186 348 195 276 357 178 259 340 187 268 349 196 277 358]

--- # 268
[177 258 339 186 267 348 195 276 357 178 259 340 187 349 196 277 358 179 260 341 188 269 350 197 278 359]

--- # 269
[178 259 340 187 268 349 196 277 358 179 260 341 188 350 197 278 359]

--- # 270
[180 261 342 189 351 198 279 360 181 262 343 190 271 352 199 280 361]

--- # 271
[180 261 342 189 270 351 198 279 360 181 262 343 190 352 199 280 361 182 263 344 191 272 353 200 281 362]

--- # 272
[181 262 343 190 271 352 199 280 361 182 263 344 191 353 200 281 362 183 264 345 192 273 354 201 282 363]

--- # 273
[182 263 344 191 272 353 200 281 362 183 264 345 192 354 201 282 363 184 265 346 193 274 355 202 283 364]

--- # 274
[183 264 345 192 273 354 201 282 363 184 265 346 193 355 202 283 364 185 266 347 194 275 356 203 284 365]

--- # 275
[184 265 346 193 274 355 202 283 364 185 266 347 194 356 203 284 365 186 267 348 195 276 357 204 285 366]

--- # 276
[185 266 347 194 275 356 203 284 365 186 267 348 195 357 204 285 366 187 268 349 196 277 358 205 286 367]

--- # 277
[186 267 348 195 276 357 204 285 366 187 268 349 196 358 205 286 367 188 269 350 197 278 359 206 287 368]

--- # 278
[187 268 349 196 277 358 205 286 367 188 269 350 197 359 206 287 368]

--- # 279
[189 270 351 198 360 207 288 369 190 271 352 199 280 361 208 289 370]

--- # 280
[189 270 351 198 279 360 207 288 369 190 271 352 199 361 208 289 370 191 272 353 200 281 362 209 290 371]

--- # 281
[190 271 352 199 280 361 208 289 370 191 272 353 200 362 209 290 371 192 273 354 201 282 363 210 291 372]

--- # 282
[191 272 353 200 281 362 209 290 371 192 273 354 201 363 210 291 372 193 274 355 202 283 364 211 292 373]

--- # 283
[192 273 354 201 282 363 210 291 372 193 274 355 202 364 211 292 373 194 275 356 203 284 365 212 293 374]

--- # 284
[193 274 355 202 283 364 211 292 373 194 275 356 203 365 212 293 374 195 276 357 204 285 366 213 294 375]

--- # 285
[194 275 356 203 284 365 212 293 374 195 276 357 204 366 213 294 375 196 277 358 205 286 367 214 295 376]

--- # 286
[195 276 357 204 285 366 213 294 375 196 277 358 205 367 214 295 376 197 278 359 206 287 368 215 296 377]

--- # 287
[196 277 358 205 286 367 214 295 376 197 278 359 206 368 215 296 377]

--- # 288
[198 279 360 207 369 216 297 378 199 280 361 208 289 370 217 298 379]

--- # 289
[198 279 360 207 288 369 216 297 378 199 280 361 208 370 217 298 379 200 281 362 209 290 371 218 299 380]

--- # 290
[199 280 361 208 289 370 217 298 379 200 281 362 209 371 218 299 380 201 282 363 210 291 372 219 300 381]

--- # 291
[200 281 362 209 290 371 218 299 380 201 282 363 210 372 219 300 381 202 283 364 211 292 373 220 301 382]

--- # 292
[201 282 363 210 291 372 219 300 381 202 283 364 211 373 220 301 382 203 284 365 212 293 374 221 302 383]

--- # 293
[202 283 364 211 292 373 220 301 382 203 284 365 212 374 221 302 383 204 285 366 213 294 375 222 303 384]

--- # 294
[203 284 365 212 293 374 221 302 383 204 285 366 213 375 222 303 384 205 286 367 214 295 376 223 304 385]

--- # 295
[204 285 366 213 294 375 222 303 384 205 286 367 214 376 223 304 385 206 287 368 215 296 377 224 305 386]

--- # 296
[205 286 367 214 295 376 223 304 385 206 287 368 215 377 224 305 386]

--- # 297
[207 288 369 216 378 225 306 387 208 289 370 217 298 379 226 307 388]

--- # 298
[207 288 369 216 297 378 225 306 387 208 289 370 217 379 226 307 388 209 290 371 218 299 380 227 308 389]

--- # 299
[208 289 370 217 298 379 226 307 388 209 290 371 218 380 227 308 389 210 291 372 219 300 381 228 309 390]

--- # 300
[209 290 371 218 299 380 227 308 389 210 291 372 219 381 228 309 390 211 292 373 220 301 382 229 310 391]

--- # 301
[210 291 372 219 300 381 228 309 390 211 292 373 220 382 229 310 391 212 293 374 221 302 383 230 311 392]

--- # 302
[211 292 373 220 301 382 229 310 391 212 293 374 221 383 230 311 392 213 294 375 222 303 384 231 312 393]

--- # 303
[212 293 374 221 302 383 230 311 392 213 294 375 222 384 231 312 393 214 295 376 223 304 385 232 313 394]

--- # 304
[213 294 375 222 303 384 231 312 393 214 295 376 223 385 232 313 394 215 296 377 224 305 386 233 314 395]

--- # 305
[214 295 376 223 304 385 232 313 394 215 296 377 224 386 233 314 395]

--- # 306
[216 297 378 225 387 234 315 396 217 298 379 226 307 388 235 316 397]

--- # 307
[216 297 378 225 306 387 234 315 396 217 298 379 226 388 235 316 397 218 299 380 227 308 389 236 317 398]

--- # 308
[217 298 379 226 307 388 235 316 397 218 299 380 227 389 236 317 398 219 300 381 228 309 390 237 318 399]

--- # 309
[218 299 380 227 308 389 236 317 398 219 300 381 228 390 237 318 399 220 301 382 229 310 391 238 319 400]

--- # 310
[219 300 381 228 309 390 237 318 399 220 301 382 229 391 238 319 400 221 302 383 230 311 392 239 320 401]

--- # 311
[220 301 382 229 310 391 238 319 400 221 302 383 230 392 239 320 401 222 303 384 231 312 393 240 321 402]

--- # 312
[221 302 383 230 311 392 239 320 401 222 303 384 231 393 240 321 402 223 304 385 232 313 394 241 322 403]

--- # 313
[222 303 384 231 312 393 240 321 402 223 304 385 232 394 241 322 403 224 305 386 233 314 395 242 323 404]

--- # 314
[223 304 385 232 313 394 241 322 403 224 305 386 233 395 242 323 404]

--- # 315
[225 306 387 234 396 226 307 388 235 316 397]

--- # 316
[225 306 387 234 315 396 226 307 388 235 397 227 308 389 236 317 398]

--- # 317
[226 307 388 235 316 397 227 308 389 236 398 228 309 390 237 318 399]

--- # 318
[227 308 389 236 317 398 228 309 390 237 399 229 310 391 238 319 400]

--- # 319
[228 309 390 237 318 399 229 310 391 238 400 230 311 392 239 320 401]

--- # 320
[229 310 391 238 319 400 230 311 392 239 401 231 312 393 240 321 402]

--- # 321
[230 311 392 239 320 401 231 312 393 240 402 232 313 394 241 322 403]

--- # 322
[231 312 393 240 321 402 232 313 394 241 403 233 314 395 242 323 404]

--- # 323
[232 313 394 241 322 403 233 314 395 242 404]

--- # 324
[243 405 252 333 414 244 325 406 253 334 415]

--- # 325
[243 324 405 252 333 414 244 406 253 334 415 245 326 407 254 335 416]

--- # 326
[244 325 406 253 334 415 245 407 254 335 416 246 327 408 255 336 417]

--- # 327
[245 326 407 254 335 416 246 408 255 336 417 247 328 409 256 337 418]

--- # 328
[246 327 408 255 336 417 247 409 256 337 418 248 329 410 257 338 419]

--- # 329
[247 328 409 256 337 418 248 410 257 338 419 249 330 411 258 339 420]

--- # 330
[248 329 410 257 338 419 249 411 258 339 420 250 331 412 259 340 421]

--- # 331
[249 330 411 258 339 420 250 412 259 340 421 251 332 413 260 341 422]

--- # 332
[250 331 412 259 340 421 251 413 260 341 422]

--- # 333
[243 324 405 252 414 261 342 423 244 325 406 253 334 415 262 343 424]

--- # 334
[243 324 405 252 333 414 261 342 423 244 325 406 253 415 262 343 424 245 326 407 254 335 416 263 344 425]

--- # 335
[244 325 406 253 334 415 262 343 424 245 326 407 254 416 263 344 425 246 327 408 255 336 417 264 345 426]

--- # 336
[245 326 407 254 335 416 263 344 425 246 327 408 255 417 264 345 426 247 328 409 256 337 418 265 346 427]

--- # 337
[246 327 408 255 336 417 264 345 426 247 328 409 256 418 265 346 427 248 329 410 257 338 419 266 347 428]

--- # 338
[247 328 409 256 337 418 265 346 427 248 329 410 257 419 266 347 428 249 330 411 258 339 420 267 348 429]

--- # 339
[248 329 410 257 338 419 266 347 428 249 330 411 258 420 267 348 429 250 331 412 259 340 421 268 349 430]

--- # 340
[249 330 411 258 339 420 267 348 429 250 331 412 259 421 268 349 430 251 332 413 260 341 422 269 350 431]

--- # 341
[250 331 412 259 340 421 268 349 430 251 332 413 260 422 269 350 431]

--- # 342
[252 333 414 261 423 270 351 432 253 334 415 262 343 424 271 352 433]

--- # 343
[252 333 414 261 342 423 270 351 432 253 334 415 262 424 271 352 433 254 335 416 263 344 425 272 353 434]

--- # 344
[253 334 415 262 343 424 271 352 433 254 335 416 263 425 272 353 434 255 336 417 264 345 426 273 354 435]

--- # 345
[254 335 416 263 344 425 272 353 434 255 336 417 264 426 273 354 435 256 337 418 265 346 427 274 355 436]

--- # 346
[255 336 417 264 345 426 273 354 435 256 337 418 265 427 274 355 436 257 338 419 266 347 428 275 356 437]

--- # 347
[256 337 418 265 346 427 274 355 436 257 338 419 266 428 275 356 437 258 339 420 267 348 429 276 357 438]

--- # 348
[257 338 419 266 347 428 275 356 437 258 339 420 267 429 276 357 438 259 340 421 268 349 430 277 358 439]

--- # 349
[258 339 420 267 348 429 276 357 438 259 340 421 268 430 277 358 439 260 341 422 269 350 431 278 359 440]

--- # 350
[259 340 421 268 349 430 277 358 439 260 341 422 269 431 278 359 440]

--- # 351
[261 342 423 270 432 279 360 441 262 343 424 271 352 433 280 361 442]

--- # 352
[261 342 423 270 351 432 279 360 441 262 343 424 271 433 280 361 442 263 344 425 272 353 434 281 362 443]

--- # 353
[262 343 424 271 352 433 280 361 442 263 344 425 272 434 281 362 443 264 345 426 273 354 435 282 363 444]

--- # 354
[263 344 425 272 353 434 281 362 443 264 345 426 273 435 282 363 444 265 346 427 274 355 436 283 364 445]

--- # 355
[264 345 426 273 354 435 282 363 444 265 346 427 274 436 283 364 445 266 347 428 275 356 437 284 365 446]

--- # 356
[265 346 427 274 355 436 283 364 445 266 347 428 275 437 284 365 446 267 348 429 276 357 438 285 366 447]

--- # 357
[266 347 428 275 356 437 284 365 446 267 348 429 276 438 285 366 447 268 349 430 277 358 439 286 367 448]

--- # 358
[267 348 429 276 357 438 285 366 447 268 349 430 277 439 286 367 448 269 350 431 278 359 440 287 368 449]

--- # 359
[268 349 430 277 358 439 286 367 448 269 350 431 278 440 287 368 449]

--- # 360
[270 351 432 279 441 288 369 450 271 352 433 280 361 442 289 370 451]

--- # 361
[270 351 432 279 360 441 288 369 450 271 352 433 280 442 289 370 451 272 353 434 281 362 443 290 371 452]

--- # 362
[271 352 433 280 361 442 289 370 451 272 353 434 281 443 290 371 452 273 354 435 282 363 444 291 372 453]

--- # 363
[272 353 434 281 362 443 290 371 452 273 354 435 282 444 291 372 453 274 355 436 283 364 445 292 373 454]

--- # 364
[273 354 435 282 363 444 291 372 453 274 355 436 283 445 292 373 454 275 356 437 284 365 446 293 374 455]

--- # 365
[274 355 436 283 364 445 292 373 454 275 356 437 284 446 293 374 455 276 357 438 285 366 447 294 375 456]

--- # 366
[275 356 437 284 365 446 293 374 455 276 357 438 285 447 294 375 456 277 358 439 286 367 448 295 376 457]

--- # 367
[276 357 438 285 366 447 294 375 456 277 358 439 286 448 295 376 457 278 359 440 287 368 449 296 377 458]

--- # 368
[277 358 439 286 367 448 295 376 457 278 359 440 287 449 296 377 458]

--- # 369
[279 360 441 288 450 297 378 459 280 361 442 289 370 451 298 379 460]

--- # 370
[279 360 441 288 369 450 297 378 459 280 361 442 289 451 298 379 460 281 362 443 290 371 452 299 380 461]

--- # 371
[280 361 442 289 370 451 298 379 460 281 362 443 290 452 299 380 461 282 363 444 291 372 453 300 381 462]

--- # 372
[281 362 443 290 371 452 299 380 461 282 363 444 291 453 300 381 462 283 364 445 292 373 454 301 382 463]

--- # 373
[282 363 444 291 372 453 300 381 462 283 364 445 292 454 301 382 463 284 365 446 293 374 455 302 383 464]

--- # 374
[283 364 445 292 373 454 301 382 463 284 365 446 293 455 302 383 464 285 366 447 294 375 456 303 384 465]

--- # 375
[284 365 446 293 374 455 302 383 464 285 366 447 294 456 303 384 465 286 367 448 295 376 457 304 385 466]

--- # 376
[285 366 447 294 375 456 303 384 465 286 367 448 295 457 304 385 466 287 368 449 296 377 458 305 386 467]

--- # 377
[286 367 448 295 376 457 304 385 466 287 368 449 296 458 305 386 467]

--- # 378
[288 369 450 297 459 306 387 468 289 370 451 298 379 460 307 388 469]

--- # 379
[288 369 450 297 378 459 306 387 468 289 370 451 298 460 307 388 469 290 371 452 299 380 461 308 389 470]

--- # 380
[289 370 451 298 379 460 307 388 469 290 371 452 299 461 308 389 470 291 372 453 300 381 462 309 390 471]

--- # 381
[290 371 452 299 380 461 308 389 470 291 372 453 300 462 309 390 471 292 373 454 301 382 463 310 391 472]

--- # 382
[291 372 453 300 381 462 309 390 471 292 373 454 301 463 310 391 472 293 374 455 302 383 464 311 392 473]

--- # 383
[292 373 454 301 382 463 310 391 472 293 374 455 302 464 311 392 473 294 375 456 303 384 465 312 393 474]

--- # 384
[293 374 455 302 383 464 311 392 473 294 375 456 303 465 312 393 474 295 376 457 304 385 466 313 394 475]

--- # 385
[294 375 456 303 384 465 312 393 474 295 376 457 304 466 313 394 475 296 377 458 305 386 467 314 395 476]

--- # 386
[295 376 457 304 385 466 313 394 475 296 377 458 305 467 314 395 476]

--- # 387
[297 378 459 306 468 315 396 477 298 379 460 307 388 469 316 397 478]

--- # 388
[297 378 459 306 387 468 315 396 477 298 379 460 307 469 316 397 478 299 380 461 308 389 470 317 398 479]

--- # 389
[298 379 460 307 388 469 316 397 478 299 380 461 308 470 317 398 479 300 381 462 309 390 471 318 399 480]

--- # 390
[299 380 461 308 389 470 317 398 479 300 381 462 309 471 318 399 480 301 382 463 310 391 472 319 400 481]

--- # 391
[300 381 462 309 390 471 318 399 480 301 382 463 310 472 319 400 481 302 383 464 311 392 473 320 401 482]

--- # 392
[301 382 463 310 391 472 319 400 481 302 383 464 311 473 320 401 482 303 384 465 312 393 474 321 402 483]

--- # 393
[302 383 464 311 392 473 320 401 482 303 384 465 312 474 321 402 483 304 385 466 313 394 475 322 403 484]

--- # 394
[303 384 465 312 393 474 321 402 483 304 385 466 313 475 322 403 484 305 386 467 314 395 476 323 404 485]

--- # 395
[304 385 466 313 394 475 322 403 484 305 386 467 314 476 323 404 485]

--- # 396
[306 387 468 315 477 307 388 469 316 397 478]

--- # 397
[306 387 468 315 396 477 307 388 469 316 478 308 389 470 317 398 479]

--- # 398
[307 388 469 316 397 478 308 389 470 317 479 309 390 471 318 399 480]

--- # 399
[308 389 470 317 398 479 309 390 471 318 480 310 391 472 319 400 481]

--- # 400
[309 390 471 318 399 480 310 391 472 319 481 311 392 473 320 401 482]

--- # 401
[310 391 472 319 400 481 311 392 473 320 482 312 393 474 321 402 483]

--- # 402
[311 392 473 320 401 482 312 393 474 321 483 313 394 475 322 403 484]

--- # 403
[312 393 474 321 402 483 313 394 475 322 484 314 395 476 323 404 485]

--- # 404
[313 394 475 322 403 484 314 395 476 323 485]

--- # 405
[324 486 333 414 495 325 406 487 334 415 496]

--- # 406
[324 405 486 333 414 495 325 487 334 415 496 326 407 488 335 416 497]

--- # 407
[325 406 487 334 415 496 326 488 335 416 497 327 408 489 336 417 498]

--- # 408
[326 407 488 335 416 497 327 489 336 417 498 328 409 490 337 418 499]

--- # 409
[327 408 489 336 417 498 328 490 337 418 499 329 410 491 338 419 500]

--- # 410
[328 409 490 337 418 499 329 491 338 419 500 330 411 492 339 420 501]

--- # 411
[329 410 491 338 419 500 330 492 339 420 501 331 412 493 340 421 502]

--- # 412
[330 411 492 339 420 501 331 493 340 421 502 332 413 494 341 422 503]

--- # 413
[331 412 493 340 421 502 332 494 341 422 503]

--- # 414
[324 405 486 333 495 342 423 504 325 406 487 334 415 496 343 424 505]

--- # 415
[324 405 486 333 414 495 342 423 504 325 406 487 334 496 343 424 505 326 407 488 335 416 497 344 425 506]

--- # 416
[325 406 487 334 415 496 343 424 505 326 407 488 335 497 344 425 506 327 408 489 336 417 498 345 426 507]

--- # 417
[326 407 488 335 416 497 344 425 506 327 408 489 336 498 345 426 507 328 409 490 337 418 499 346 427 508]

--- # 418
[327 408 489 336 417 498 345 426 507 328 409 490 337 499 346 427 508 329 410 491 338 419 500 347 428 509]

--- # 419
[328 409 490 337 418 499 346 427 508 329 410 491 338 500 347 428 509 330 411 492 339 420 501 348 429 510]

--- # 420
[329 410 491 338 419 500 347 428 509 330 411 492 339 501 348 429 510 331 412 493 340 421 502 349 430 511]

--- # 421
[330 411 492 339 420 501 348 429 510 331 412 493 340 502 349 430 511 332 413 494 341 422 503 350 431 512]

--- # 422
[331 412 493 340 421 502 349 430 511 332 413 494 341 503 350 431 512]

--- # 423
[333 414 495 342 504 351 432 513 334 415 496 343 424 505 352 433 514]

--- # 424
[333 414 495 342 423 504 351 432 513 334 415 496 343 505 352 433 514 335 416 497 344 425 506 353 434 515]

--- # 425
[334 415 496 343 424 505 352 433 514 335 416 497 344 506 353 434 515 336 417 498 345 426 507 354 435 516]

--- # 426
[335 416 497 344 425 506 353 434 515 336 417 498 345 507 354 435 516 337 418 499 346 427 508 355 436 517]

--- # 427
[336 417 498 345 426 507 354 435 516 337 418 499 346 508 355 436 517 338 419 500 347 428 509 356 437 518]

--- # 428
[337 418 499 346 427 508 355 436 517 338 419 500 347 509 356 437 518 339 420 501 348 429 510 357 438 519]

--- # 429
[338 419 500 347 428 509 356 437 518 339 420 501 348 510 357 438 519 340 421 502 349 430 511 358 439 520]

--- # 430
[339 420 501 348 429 510 357 438 519 340 421 502 349 511 358 439 520 341 422 503 350 431 512 359 440 521]

--- # 431
[340 421 502 349 430 511 358 439 520 341 422 503 350 512 359 440 521]

--- # 432
[342 423 504 351 513 360 441 522 343 424 505 352 433 514 361 442 523]

--- # 433
[342 423 504 351 432 513 360 441 522 343 424 505 352 514 361 442 523 344 425 506 353 434 515 362 443 524]

--- # 434
[343 424 505 352 433 514 361 442 523 344 425 506 353 515 362 443 524 345 426 507 354 435 516 363 444 525]

--- # 435
[344 425 506 353 434 515 362 443 524 345 426 507 354 516 363 444 525 346 427 508 355 436 517 364 445 526]

--- # 436
[345 426 507 354 435 516 363 444 525 346 427 508 355 517 364 445 526 347 428 509 356 437 518 365 446 527]

--- # 437
[346 427 508 355 436 517 364 445 526 347 428 509 356 518 365 446 527 348 429 510 357 438 519 366 447 528]

--- # 438
[347 428 509 356 437 518 365 446 527 348 429 510 357 519 366 447 528 349 430 511 358 439 520 367 448 529]

--- # 439
[348 429 510 357 438 519 366 447 528 349 430 511 358 520 367 448 529 350 431 512 359 440 521 368 449 530]

--- # 440
[349 430 511 358 439 520 367 448 529 350 431 512 359 521 368 449 530]

--- # 441
[351 432 513 360 522 369 450 531 352 433 514 361 442 523 370 451 532]

--- # 442
[351 432 513 360 441 522 369 450 531 352 433 514 361 523 370 451 532 353 434 515 362 443 524 371 452 533]

--- # 443
[352 433 514 361 442 523 370 451 532 353 434 515 362 524 371 452 533 354 435 516 363 444 525 372 453 534]

--- # 444
[353 434 515 362 443 524 371 452 533 354 435 516 363 525 372 453 534 355 436 517 364 445 526 373 454 535]

--- # 445
[354 435 516 363 444 525 372 453 534 355 436 517 364 526 373 454 535 356 437 518 365 446 527 374 455 536]

--- # 446
[355 436 517 364 445 526 373 454 535 356 437 518 365 527 374 455 536 357 438 519 366 447 528 375 456 537]

--- # 447
[356 437 518 365 446 527 374 455 536 357 438 519 366 528 375 456 537 358 439 520 367 448 529 376 457 538]

--- # 448
[357 438 519 366 447 528 375 456 537 358 439 520 367 529 376 457 538 359 440 521 368 449 530 377 458 539]

--- # 449
[358 439 520 367 448 529 376 457 538 359 440 521 368 530 377 458 539]

--- # 450
[360 441 522 369 531 378 459 540 361 442 523 370 451 532 379 460 541]

--- # 451
[360 441 522 369 450 531 378 459 540 361 442 523 370 532 379 460 541 362 443 524 371 452 533 380 461 542]

--- # 452
[361 442 523 370 451 532 379 460 541 362 443 524 371 533 380 461 542 363 444 525 372 453 534 381 462 543]

--- # 453
[362 443 524 371 452 533 380 461 542 363 444 525 372 534 381 462 543 364 445 526 373 454 535 382 463 544]

--- # 454
[363 444 525 372 453 534 381 462 543 364 445 526 373 535 382 463 544 365 446 527 374 455 536 383 464 545]

--- # 455
[364 445 526 373 454 535 382 463 544 365 446 527 374 536 383 464 545 366 447 528 375 456 537 384 465 546]

--- # 456
[365 446 527 374 455 536 383 464 545 366 447 528 375 537 384 465 546 367 448 529 376 457 538 385 466 547]

--- # 457
[366 447 528 375 456 537 384 465 546 367 448 529 376 538 385 466 547 368 449 530 377 458 539 386 467 548]

--- # 458
[367 448 529 376 457 538 385 466 547 368 449 530 377 539 386 467 548]

--- # 459
[369 450 531 378 540 387 468 549 370 451 532 379 460 541 388 469 550]

--- # 460
[369 450 531 378 459 540 387 468 549 370 451 532 379 541 388 469 550 371 452 533 380 461 542 389 470 551]

--- # 461
[370 451 532 379 460 541 388 469 550 371 452 533 380 542 389 470 551 372 453 534 381 462 543 390 471 552]

--- # 462
[371 452 533 380 461 542 389 470 551 372 453 534 381 543 390 471 552 373 454 535 382 463 544 391 472 553]

--- # 463
[372 453 534 381 462 543 390 471 552 373 454 535 382 544 391 472 553 374 455 536 383 464 545 392 473 554]

--- # 464
[373 454 535 382 463 544 391 472 553 374 455 536 383 545 392 473 554 375 456 537 384 465 546 393 474 555]

--- # 465
[374 455 536 383 464 545 392 473 554 375 456 537 384 546 393 474 555 376 457 538 385 466 547 394 475 556]

--- # 466
[375 456 537 384 465 546 393 474 555 376 457 538 385 547 394 475 556 377 458 539 386 467 548 395 476 557]

--- # 467
[376 457 538 385 466 547 394 475 556 377 458 539 386 548 395 476 557]

--- # 468
[378 459 540 387 549 396 477 558 379 460 541 388 469 550 397 478 559]

--- # 469
[378 459 540 387 468 549 396 477 558 379 460 541 388 550 397 478 559 380 461 542 389 470 551 398 479 560]

--- # 470
[379 460 541 388 469 550 397 478 559 380 461 542 389 551 398 479 560 381 462 543 390 471 552 399 480 561]

--- # 471
[380 461 542 389 470 551 398 479 560 381 462 543 390 552 399 480 561 382 463 544 391 472 553 400 481 562]

--- # 472
[381 462 543 390 471 552 399 480 561 382 463 544 391 553 400 481 562 383 464 545 392 473 554 401 482 563]

--- # 473
[382 463 544 391 472 553 400 481 562 383 464 545 392 554 401 482 563 384 465 546 393 474 555 402 483 564]

--- # 474
[383 464 545 392 473 554 401 482 563 384 465 546 393 555 402 483 564 385 466 547 394 475 556 403 484 565]

--- # 475
[384 465 546 393 474 555 402 483 564 385 466 547 394 556 403 484 565 386 467 548 395 476 557 404 485 566]

--- # 476
[385 466 547 394 475 556 403 484 565 386 467 548 395 557 404 485 566]

--- # 477
[387 468 549 396 558 388 469 550 397 478 559]

--- # 478
[387 468 549 396 477 558 388 469 550 397 559 389 470 551 398 479 560]

--- # 479
[388 469 550 397 478 559 389 470 551 398 560 390 471 552 399 480 561]

--- # 480
[389 470 551 398 479 560 390 471 552 399 561 391 472 553 400 481 562]

--- # 481
[390 471 552 399 480 561 391 472 553 400 562 392 473 554 401 482 563]

--- # 482
[391 472 553 400 481 562 392 473 554 401 563 393 474 555 402 483 564]

--- # 483
[392 473 554 401 482 563 393 474 555 402 564 394 475 556 403 484 565]

--- # 484
[393 474 555 402 483 564 394 475 556 403 565 395 476 557 404 485 566]

--- # 485
[394 475 556 403 484 565 395 476 557 404 566]

--- # 486
[405 567 414 495 576 406 487 568 415 496 577]

--- # 487
[405 486 567 414 495 576 406 568 415 496 577 407 488 569 416 497 578]

--- # 488
[406 487 568 415 496 577 407 569 416 497 578 408 489 570 417 498 579]

--- # 489
[407 488 569 416 497 578 408 570 417 498 579 409 490 571 418 499 580]

--- # 490
[408 489 570 417 498 579 409 571 418 499 580 410 491 572 419 500 581]

--- # 491
[409 490 571 418 499 580 410 572 419 500 581 411 492 573 420 501 582]

--- # 492
[410 491 572 419 500 581 411 573 420 501 582 412 493 574 421 502 583]

--- # 493
[411 492 573 420 501 582 412 574 421 502 583 413 494 575 422 503 584]

--- # 494
[412 493 574 421 502 583 413 575 422 503 584]

--- # 495
[405 486 567 414 576 423 504 585 406 487 568 415 496 577 424 505 586]

--- # 496
[405 486 567 414 495 576 423 504 585 406 487 568 415 577 424 505 586 407 488 569 416 497 578 425 506 587]

--- # 497
[406 487 568 415 496 577 424 505 586 407 488 569 416 578 425 506 587 408 489 570 417 498 579 426 507 588]

--- # 498
[407 488 569 416 497 578 425 506 587 408 489 570 417 579 426 507 588 409 490 571 418 499 580 427 508 589]

--- # 499
[408 489 570 417 498 579 426 507 588 409 490 571 418 580 427 508 589 410 491 572 419 500 581 428 509 590]

--- # 500
[409 490 571 418 499 580 427 508 589 410 491 572 419 581 428 509 590 411 492 573 420 501 582 429 510 591]

--- # 501
[410 491 572 419 500 581 428 509 590 411 492 573 420 582 429 510 591 412 493 574 421 502 583 430 511 592]

--- # 502
[411 492 573 420 501 582 429 510 591 412 493 574 421 583 430 511 592 413 494 575 422 503 584 431 512 593]

--- # 503
[412 493 574 421 502 583 430 511 592 413 494 575 422 584 431 512 593]

--- # 504
[414 495 576 423 585 432 513 594 415 496 577 424 505 586 433 514 595]

--- # 505
[414 495 576 423 504 585 432 513 594 415 496 577 424 586 433 514 595 416 497 578 425 506 587 434 515 596]

--- # 506
[415 496 577 424 505 586 433 514 595 416 497 578 425 587 434 515 596 417 498 579 426 507 588 435 516 597]

--- # 507
[416 497 578 425 506 587 434 515 596 417 498 579 426 588 435 516 597 418 499 580 427 508 589 436 517 598]

--- # 508
[417 498 579 426 507 588 435 516 597 418 499 580 427 589 436 517 598 419 500 581 428 509 590 437 518 599]

--- # 509
[418 499 580 427 508 589 436 517 598 419 500 581 428 590 437 518 599 420 501 582 429 510 591 438 519 600]

--- # 510
[419 500 581 428 509 590 437 518 599 420 501 582 429 591 438 519 600 421 502 583 430 511 592 439 520 601]

--- # 511
[420 501 582 429 510 591 438 519 600 421 502 583 430 592 439 520 601 422 503 584 431 512 593 440 521 602]

--- # 512
[421 502 583 430 511 592 439 520 601 422 503 584 431 593 440 521 602]

--- # 513
[423 504 585 432 594 441 522 603 424 505 586 433 514 595 442 523 604]

--- # 514
[423 504 585 432 513 594 441 522 603 424 505 586 433 595 442 523 604 425 506 587 434 515 596 443 524 605]

--- # 515
[424 505 586 433 514 595 442 523 604 425 506 587 434 596 443 524 605 426 507 588 435 516 597 444 525 606]

--- # 516
[425 506 587 434 515 596 443 524 605 426 507 588 435 597 444 525 606 427 508 589 436 517 598 445 526 607]

--- # 517
[426 507 588 435 516 597 444 525 606 427 508 589 436 598 445 526 607 428 509 590 437 518 599 446 527 608]

--- # 518
[427 508 589 436 517 598 445 526 607 428 509 590 437 599 446 527 608 429 510 591 438 519 600 447 528 609]

--- # 519
[428 509 590 437 518 599 446 527 608 429 510 591 438 600 447 528 609 430 511 592 439 520 601 448 529 610]

--- # 520
[429 510 591 438 519 600 447 528 609 430 511 592 439 601 448 529 610 431 512 593 440 521 602 449 530 611]

--- # 521
[430 511 592 439 520 601 448 529 610 431 512 593 440 602 449 530 611]

--- # 522
[432 513 594 441 603 450 531 612 433 514 595 442 523 604 451 532 613]

--- # 523
[432 513 594 441 522 603 450 531 612 433 514 595 442 604 451 532 613 434 515 596 443 524 605 452 533 614]

--- # 524
[433 514 595 442 523 604 451 532 613 434 515 596 443 605 452 533 614 435 516 597 444 525 606 453 534 615]

--- # 525
[434 515 596 443 524 605 452 533 614 435 516 597 444 606 453 534 615 436 517 598 445 526 607 454 535 616]

--- # 526
[435 516 597 444 525 606 453 534 615 436 517 598 445 607 454 535 616 437 518 599 446 527 608 455 536 617]

--- # 527
[436 517 598 445 526 607 454 535 616 437 518 599 446 608 455 536 617 438 519 600 447 528 609 456 537 618]

--- # 528
[437 518 599 446 527 608 455 536 617 438 519 600 447 609 456 537 618 439 520 601 448 529 610 457 538 619]

--- # 529
[438 519 600 447 528 609 456 537 618 439 520 601 448 610 457 538 619 440 521 602 449 530 611 458 539 620]

--- # 530
[439 520 601 448 529 610 457 538 619 440 521 602 449 611 458 539 620]

--- # 531
[441 522 603 450 612 459 540 621 442 523 604 451 532 613 460 541 622]

--- # 532
[441 522 603 450 531 612 459 540 621 442 523 604 451 613 460 541 622 443 524 605 452 533 614 461 542 623]

--- # 533
[442 523 604 451 532 613 460 541 622 443 524 605 452 614 461 542 623 444 525 606 453 534 615 462 543 624]

--- # 534
[443 524 605 452 533 614 461 542 623 444 525 606 453 615 462 543 624 445 526 607 454 535 616 463 544 625]

--- # 535
[444 525 606 453 534 615 462 543 624 445 526 607 454 616 463 544 625 446 527 608 455 536 617 464 545 626]

--- # 536
[445 526 607 454 535 616 463 544 625 446 527 608 455 617 464 545 626 447 528 609 456 537 618 465 546 627]

--- # 537
[446 527 608 455 536 617 464 545 626 447 528 609 456 618 465 546 627 448 529 610 457 538 619 466 547 628]

--- # 538
[447 528 609 456 537 618 465 546 627 448 529 610 457 619 466 547 628 449 530 611 458 539 620 467 548 629]

--- # 539
[448 529 610 457 538 619 466 547 628 449 530 611 458 620 467 548 629]

--- # 540
[450 531 612 459 621 468 549 630 451 532 613 460 541 622 469 550 631]

--- # 541
[450 531 612 459 540 621 468 549 630 451 532 613 460 622 469 550 631 452 533 614 461 542 623 470 551 632]

--- # 542
[451 532 613 460 541 622 469 550 631 452 533 614 461 623 470 551 632 453 534 615 462 543 624 471 552 633]

--- # 543
[452 533 614 461 542 623 470 551 632 453 534 615 462 624 471 552 633 454 535 616 463 544 625 472 553 634]

--- # 544
[453 534 615 462 543 624 471 552 633 454 535 616 463 625 472 553 634 455 536 617 464 545 626 473 554 635]

--- # 545
[454 535 616 463 544 625 472 553 634 455 536 617 464 626 473 554 635 456 537 618 465 546 627 474 555 636]

--- # 546
[455 536 617 464 545 626 473 554 635 456 537 618 465 627 474 555 636 457 538 619 466 547 628 475 556 637]

--- # 547
[456 537 618 465 546 627 474 555 636 457 538 619 466 628 475 556 637 458 539 620 467 548 629 476 557 638]

--- # 548
[457 538 619 466 547 628 475 556 637 458 539 620 467 629 476 557 638]

--- # 549
[459 540 621 468 630 477 558 639 460 541 622 469 550 631 478 559 640]

--- # 550
[459 540 621 468 549 630 477 558 639 460 541 622 469 631 478 559 640 461 542 623 470 551 632 479 560 641]

--- # 551
[460 541 622 469 550 631 478 559 640 461 542 623 470 632 479 560 641 462 543 624 471 552 633 480 561 642]

--- # 552
[461 542 623 470 551 632 479 560 641 462 543 624 471 633 480 561 642 463 544 625 472 553 634 481 562 643]

--- # 553
[462 543 624 471 552 633 480 561 642 463 544 625 472 634 481 562 643 464 545 626 473 554 635 482 563 644]

--- # 554
[463 544 625 472 553 634 481 562 643 464 545 626 473 635 482 563 644 465 546 627 474 555 636 483 564 645]

--- # 555
[464 545 626 473 554 635 482 563 644 465 546 627 474 636 483 564 645 466 547 628 475 556 637 484 565 646]

--- # 556
[465 546 627 474 555 636 483 564 645 466 547 628 475 637 484 565 646 467 548 629 476 557 638 485 566 647]

--- # 557
[466 547 628 475 556 637 484 565 646 467 548 629 476 638 485 566 647]

--- # 558
[468 549 630 477 639 469 550 631 478 559 640]

--- # 559
[468 549 630 477 558 639 469 550 631 478 640 470 551 632 479 560 641]

--- # 560
[469 550 631 478 559 640 470 551 632 479 641 471 552 633 480 561 642]

--- # 561
[470 551 632 479 560 641 471 552 633 480 642 472 553 634 481 562 643]

--- # 562
[471 552 633 480 561 642 472 553 634 481 643 473 554 635 482 563 644]

--- # 563
[472 553 634 481 562 643 473 554 635 482 644 474 555 636 483 564 645]

--- # 564
[473 554 635 482 563 644 474 555 636 483 645 475 556 637 484 565 646]

--- # 565
[474 555 636 483 564 645 475 556 637 484 646 476 557 638 485 566 647]

--- # 566
[475 556 637 484 565 646 476 557 638 485 647]

--- # 567
[486 648 495 576 657 487 568 649 496 577 658]

--- # 568
[486 567 648 495 576 657 487 649 496 577 658 488 569 650 497 578 659]

--- # 569
[487 568 649 496 577 658 488 650 497 578 659 489 570 651 498 579 660]

--- # 570
[488 569 650 497 578 659 489 651 498 579 660 490 571 652 499 580 661]

--- # 571
[489 570 651 498 579 660 490 652 499 580 661 491 572 653 500 581 662]

--- # 572
[490 571 652 499 580 661 491 653 500 581 662 492 573 654 501 582 663]

--- # 573
[491 572 653 500 581 662 492 654 501 582 663 493 574 655 502 583 664]

--- # 574
[492 573 654 501 582 663 493 655 502 583 664 494 575 656 503 584 665]

--- # 575
[493 574 655 502 583 664 494 656 503 584 665]

--- # 576
[486 567 648 495 657 504 585 666 487 568 649 496 577 658 505 586 667]

--- # 577
[486 567 648 495 576 657 504 585 666 487 568 649 496 658 505 586 667 488 569 650 497 578 659 506 587 668]

--- # 578
[487 568 649 496 577 658 505 586 667 488 569 650 497 659 506 587 668 489 570 651 498 579 660 507 588 669]

--- # 579
[488 569 650 497 578 659 506 587 668 489 570 651 498 660 507 588 669 490 571 652 499 580 661 508 589 670]

--- # 580
[489 570 651 498 579 660 507 588 669 490 571 652 499 661 508 589 670 491 572 653 500 581 662 509 590 671]

--- # 581
[490 571 652 499 580 661 508 589 670 491 572 653 500 662 509 590 671 492 573 654 501 582 663 510 591 672]

--- # 582
[491 572 653 500 581 662 509 590 671 492 573 654 501 663 510 591 672 493 574 655 502 583 664 511 592 673]

--- # 583
[492 573 654 501 582 663 510 591 672 493 574 655 502 664 511 592 673 494 575 656 503 584 665 512 593 674]

--- # 584
[493 574 655 502 583 664 511 592 673 494 575 656 503 665 512 593 674]

--- # 585
[495 576 657 504 666 513 594 675 496 577 658 505 586 667 514 595 676]

--- # 586
[495 576 657 504 585 666 513 594 675 496 577 658 505 667 514 595 676 497 578 659 506 587 668 515 596 677]

--- # 587
[496 577 658 505 586 667 514 595 676 497 578 659 506 668 515 596 677 498 579 660 507 588 669 516 597 678]

--- # 588
[497 578 659 506 587 668 515 596 677 498 579 660 507 669 516 597 678 499 580 661 508 589 670 517 598 679]

--- # 589
[498 579 660 507 588 669 516 597 678 499 580 661 508 670 517 598 679 500 581 662 509 590 671 518 599 680]

--- # 590
[499 580 661 508 589 670 517 598 679 500 581 662 509 671 518 599 680 501 582 663 510 591 672 519 600 681]

--- # 591
[500 581 662 509 590 671 518 599 680 501 582 663 510 672 519 600 681 502 583 664 511 592 673 520 601 682]

--- # 592
[501 582 663 510 591 672 519 600 681 502 583 664 511 673 520 601 682 503 584 665 512 593 674 521 602 683]

--- # 593
[502 583 664 511 592 673 520 601 682 503 584 665 512 674 521 602 683]

--- # 594
[504 585 666 513 675 522 603 684 505 586 667 514 595 676 523 604 685]

--- # 595
[504 585 666 513 594 675 522 603 684 505 586 667 514 676 523 604 685 506 587 668 515 596 677 524 605 686]

--- # 596
[505 586 667 514 595 676 523 604 685 506 587 668 515 677 524 605 686 507 588 669 516 597 678 525 606 687]

--- # 597
[506 587 668 515 596 677 524 605 686 507 588 669 516 678 525 606 687 508 589 670 517 598 679 526 607 688]

--- # 598
[507 588 669 516 597 678 525 606 687 508 589 670 517 679 526 607 688 509 590 671 518 599 680 527 608 689]

--- # 599
[508 589 670 517 598 679 526 607 688 509 590 671 518 680 527 608 689 510 591 672 519 600 681 528 609 690]

--- # 600
[509 590 671 518 599 680 527 608 689 510 591 672 519 681 528 609 690 511 592 673 520 601 682 529 610 691]

--- # 601
[510 591 672 519 600 681 528 609 690 511 592 673 520 682 529 610 691 512 593 674 521 602 683 530 611 692]

--- # 602
[511 592 673 520 601 682 529 610 691 512 593 674 521 683 530 611 692]

--- # 603
[513 594 675 522 684 531 612 693 514 595 676 523 604 685 532 613 694]

--- # 604
[513 594 675 522 603 684 531 612 693 514 595 676 523 685 532 613 694 515 596 677 524 605 686 533 614 695]

--- # 605
[514 595 676 523 604 685 532 613 694 515 596 677 524 686 533 614 695 516 597 678 525 606 687 534 615 696]

--- # 606
[515 596 677 524 605 686 533 614 695 516 597 678 525 687 534 615 696 517 598 679 526 607 688 535 616 697]

--- # 607
[516 597 678 525 606 687 534 615 696 517 598 679 526 688 535 616 697 518 599 680 527 608 689 536 617 698]

--- # 608
[517 598 679 526 607 688 535 616 697 518 599 680 527 689 536 617 698 519 600 681 528 609 690 537 618 699]

--- # 609
[518 599 680 527 608 689 536 617 698 519 600 681 528 690 537 618 699 520 601 682 529 610 691 538 619 700]

--- # 610
[519 600 681 528 609 690 537 618 699 520 601 682 529 691 538 619 700 521 602 683 530 611 692 539 620 701]

--- # 611
[520 601 682 529 610 691 538 619 700 521 602 683 530 692 539 620 701]

--- # 612
[522 603 684 531 693 540 621 702 523 604 685 532 613 694 541 622 703]

--- # 613
[522 603 684 531 612 693 540 621 702 523 604 685 532 694 541 622 703 524 605 686 533 614 695 542 623 704]

--- # 614
[523 604 685 532 613 694 541 622 703 524 605 686 533 695 542 623 704 525 606 687 534 615 696 543 624 705]

--- # 615
[524 605 686 533 614 695 542 623 704 525 606 687 534 696 543 624 705 526 607 688 535 616 697 544 625 706]

--- # 616
[525 606 687 534 615 696 543 624 705 526 607 688 535 697 544 625 706 527 608 689 536 617 698 545 626 707]

--- # 617
[526 607 688 535 616 697 544 625 706 527 608 689 536 698 545 626 707 528 609 690 537 618 699 546 627 708]

--- # 618
[527 608 689 536 617 698 545 626 707 528 609 690 537 699 546 627 708 529 610 691 538 619 700 547 628 709]

--- # 619
[528 609 690 537 618 699 546 627 708 529 610 691 538 700 547 628 709 530 611 692 539 620 701 548 629 710]

--- # 620
[529 610 691 538 619 700 547 628 709 530 611 692 539 701 548 629 710]

--- # 621
[531 612 693 540 702 549 630 711 532 613 694 541 622 703 550 631 712]

--- # 622
[531 612 693 540 621 702 549 630 711 532 613 694 541 703 550 631 712 533 614 695 542 623 704 551 632 713]

--- # 623
[532 613 694 541 622 703 550 631 712 533 614 695 542 704 551 632 713 534 615 696 543 624 705 552 633 714]

--- # 624
[533 614 695 542 623 704 551 632 713 534 615 696 543 705 552 633 714 535 616 697 544 625 706 553 634 715]

--- # 625
[534 615 696 543 624 705 552 633 714 535 616 697 544 706 553 634 715 536 617 698 545 626 707 554 635 716]

--- # 626
[535 616 697 544 625 706 553 634 715 536 617 698 545 707 554 635 716 537 618 699 546 627 708 555 636 717]

--- # 627
[536 617 698 545 626 707 554 635 716 537 618 699 546 708 555 636 717 538 619 700 547 628 709 556 637 718]

--- # 628
[537 618 699 546 627 708 555 636 717 538 619 700 547 709 556 637 718 539 620 701 548 629 710 557 638 719]

--- # 629
[538 619 700 547 628 709 556 637 718 539 620 701 548 710 557 638 719]

--- # 630
[540 621 702 549 711 558 639 720 541 622 703 550 631 712 559 640 721]

--- # 631
[540 621 702 549 630 711 558 639 720 541 622 703 550 712 559 640 721 542 623 704 551 632 713 560 641 722]

--- # 632
[541 622 703 550 631 712 559 640 721 542 623 704 551 713 560 641 722 543 624 705 552 633 714 561 642 723]

--- # 633
[542 623 704 551 632 713 560 641 722 543 624 705 552 714 561 642 723 544 625 706 553 634 715 562 643 724]

--- # 634
[543 624 705 552 633 714 561 642 723 544 625 706 553 715 562 643 724 545 626 707 554 635 716 563 644 725]

--- # 635
[544 625 706 553 634 715 562 643 724 545 626 707 554 716 563 644 725 546 627 708 555 636 717 564 645 726]

--- # 636
[545 626 707 554 635 716 563 644 725 546 627 708 555 717 564 645 726 547 628 709 556 637 718 565 646 727]

--- # 637
[546 627 708 555 636 717 564 645 726 547 628 709 556 718 565 646 727 548 629 710 557 638 719 566 647 728]

--- # 638
[547 628 709 556 637 718 565 646 727 548 629 710 557 719 566 647 728]

--- # 639
[549 630 711 558 720 550 631 712 559 640 721]

--- # 640
[549 630 711 558 639 720 550 631 712 559 721 551 632 713 560 641 722]

--- # 641
[550 631 712 559 640 721 551 632 713 560 722 552 633 714 561 642 723]

--- # 642
[551 632 713 560 641 722 552 633 714 561 723 553 634 715 562 643 724]

--- # 643
[552 633 714 561 642 723 553 634 715 562 724 554 635 716 563 644 725]

--- # 644
[553 634 715 562 643 724 554 635 716 563 725 555 636 717 564 645 726]

--- # 645
[554 635 716 563 644 725 555 636 717 564 726 556 637 718 565 646 727]

--- # 646
[555 636 717 564 645 726 556 637 718 565 727 557 638 719 566 647 728]

--- # 647
[556 637 718 565 646 727 557 638 719 566 728]

--- # 648
[567 576 657 568 649 577 658]

--- # 649
[567 648 576 657 568 577 658 569 650 578 659]

--- # 650
[568 649 577 658 569 578 659 570 651 579 660]

--- # 651
[569 650 578 659 570 579 660 571 652 580 661]

--- # 652
[570 651 579 660 571 580 661 572 653 581 662]

--- # 653
[571 652 580 661 572 581 662 573 654 582 663]

--- # 654
[572 653 581 662 573 582 663 574 655 583 664]

--- # 655
[573 654 582 663 574 583 664 575 656 584 665]

--- # 656
[574 655 583 664 575 584 665]

--- # 657
[567 648 576 585 666 568 649 577 658 586 667]

--- # 658
[567 648 576 657 585 666 568 649 577 586 667 569 650 578 659 587 668]

--- # 659
[568 649 577 658 586 667 569 650 578 587 668 570 651 579 660 588 669]

--- # 660
[569 650 578 659 587 668 570 651 579 588 669 571 652 580 661 589 670]

--- # 661
[570 651 579 660 588 669 571 652 580 589 670 572 653 581 662 590 671]

--- # 662
[571 652 580 661 589 670 572 653 581 590 671 573 654 582 663 591 672]

--- # 663
[572 653 581 662 590 671 573 654 582 591 672 574 655 583 664 592 673]

--- # 664
[573 654 582 663 591 672 574 655 583 592 673 575 656 584 665 593 674]

--- # 665
[574 655 583 664 592 673 575 656 584 593 674]

--- # 666
[576 657 585 594 675 577 658 586 667 595 676]

--- # 667
[576 657 585 666 594 675 577 658 586 595 676 578 659 587 668 596 677]

--- # 668
[577 658 586 667 595 676 578 659 587 596 677 579 660 588 669 597 678]

--- # 669
[578 659 587 668 596 677 579 660 588 597 678 580 661 589 670 598 679]

--- # 670
[579 660 588 669 597 678 580 661 589 598 679 581 662 590 671 599 680]

--- # 671
[580 661 589 670 598 679 581 662 590 599 680 582 663 591 672 600 681]

--- # 672
[581 662 590 671 599 680 582 663 591 600 681 583 664 592 673 601 682]

--- # 673
[582 663 591 672 600 681 583 664 592 601 682 584 665 593 674 602 683]

--- # 674
[583 664 592 673 601 682 584 665 593 602 683]

--- # 675
[585 666 594 603 684 586 667 595 676 604 685]

--- # 676
[585 666 594 675 603 684 586 667 595 604 685 587 668 596 677 605 686]

--- # 677
[586 667 595 676 604 685 587 668 596 605 686 588 669 597 678 606 687]

--- # 678
[587 668 596 677 605 686 588 669 597 606 687 589 670 598 679 607 688]

--- # 679
[588 669 597 678 606 687 589 670 598 607 688 590 671 599 680 608 689]

--- # 680
[589 670 598 679 607 688 590 671 599 608 689 591 672 600 681 609 690]

--- # 681
[590 671 599 680 608 689 591 672 600 609 690 592 673 601 682 610 691]

--- # 682
[591 672 600 681 609 690 592 673 601 610 691 593 674 602 683 611 692]

--- # 683
[592 673 601 682 610 691 593 674 602 611 692]

--- # 684
[594 675 603 612 693 595 676 604 685 613 694]

--- # 685
[594 675 603 684 612 693 595 676 604 613 694 596 677 605 686 614 695]

--- # 686
[595 676 604 685 613 694 596 677 605 614 695 597 678 606 687 615 696]

--- # 687
[596 677 605 686 614 695 597 678 606 615 696 598 679 607 688 616 697]

--- # 688
[597 678 606 687 615 696 598 679 607 616 697 599 680 608 689 617 698]

--- # 689
[598 679 607 688 616 697 599 680 608 617 698 600 681 609 690 618 699]

--- # 690
[599 680 608 689 617 698 600 681 609 618 699 601 682 610 691 619 700]

--- # 691
[600 681 609 690 618 699 601 682 610 619 700 602 683 611 692 620 701]

--- # 692
[601 682 610 691 619 700 602 683 611 620 701]

--- # 693
[603 684 612 621 702 604 685 613 694 622 703]

--- # 694
[603 684 612 693 621 702 604 685 613 622 703 605 686 614 695 623 704]

--- # 695
[604 685 613 694 622 703 605 686 614 623 704 606 687 615 696 624 705]

--- # 696
[605 686 614 695 623 704 606 687 615 624 705 607 688 616 697 625 706]

--- # 697
[606 687 615 696 624 705 607 688 616 625 706 608 689 617 698 626 707]

--- # 698
[607 688 616 697 625 706 608 689 617 626 707 609 690 618 699 627 708]

--- # 699
[608 689 617 698 626 707 609 690 618 627 708 610 691 619 700 628 709]

--- # 700
[609 690 618 699 627 708 610 691 619 628 709 611 692 620 701 629 710]

--- # 701
[610 691 619 700 628 709 611 692 620 629 710]

--- # 702
[612 693 621 630 711 613 694 622 703 631 712]

--- # 703
[612 693 621 702 630 711 613 694 622 631 712 614 695 623 704 632 713]

--- # 704
[613 694 622 703 631 712 614 695 623 632 713 615 696 624 705 633 714]

--- # 705
[614 695 623 704 632 713 615 696 624 633 714 616 697 625 706 634 715]

--- # 706
[615 696 624 705 633 714 616 697 625 634 715 617 698 626 707 635 716]

--- # 707
[616 697 625 706 634 715 617 698 626 635 716 618 699 627 708 636 717]

--- # 708
[617 698 626 707 635 716 618 699 627 636 717 619 700 628 709 637 718]

--- # 709
[618 699 627 708 636 717 619 700 628 637 718 620 701 629 710 638 719]

--- # 710
[619 700 628 709 637 718 620 701 629 638 719]

--- # 711
[621 702 630 639 720 622 703 631 712 640 721]

--- # 712
[621 702 630 711 639 720 622 703 631 640 721 623 704 632 713 641 722]

--- # 713
[622 703 631 712 640 721 623 704 632 641 722 624 705 633 714 642 723]

--- # 714
[623 704 632 713 641 722 624 705 633 642 723 625 706 634 715 643 724]

--- # 715
[624 705 633 714 642 723 625 706 634 643 724 626 707 635 716 644 725]

--- # 716
[625 706 634 715 643 724 626 707 635 644 725 627 708 636 717 645 726]

--- # 717
[626 707 635 716 644 725 627 708 636 645 726 628 709 637 718 646 727]

--- # 718
[627 708 636 717 645 726 628 709 637 646 727 629 710 638 719 647 728]

--- # 719
[628 709 637 718 646 727 629 710 638 647 728]

--- # 720
[630 711 639 631 712 640 721]

--- # 721
[630 711 639 720 631 712 640 632 713 641 722]

--- # 722
[631 712 640 721 632 713 641 633 714 642 723]

--- # 723
[632 713 641 722 633 714 642 634 715 643 724]

--- # 724
[633 714 642 723 634 715 643 635 716 644 725]

--- # 725
[634 715 643 724 635 716 644 636 717 645 726]

--- # 726
[635 716 644 725 636 717 645 637 718 646 727]

--- # 727
[636 717 645 726 637 718 646 638 719 647 728]

--- # 728
[637 718 646 727 638 719 647]

--- # Corners
[Corners 0 8 72 80 648 656 720 728]

