--- # 0
[1 5 26 29 31 45 81 91 162 172 222 223]

--- # 1
[0 2 4 5 8 9 13 18 20 21 24 26 27 33 36 37 38 42 44 50 59 62 68 78 84 86 89 93 95 96 103 110 114 126 131 147 166 174 178 179 211]

--- # 2
[1 3 4 6 8 9 10 11 15 21 24 25 47 54 57 62 67 69 82 112 117 122 170 198]

--- # 3
[2 4 6 19 26 65 114 130 220]

--- # 4
[2 1 3 5 6 7 10 13 17 23 45 48 53 58 92 100 113 127 136 139 151 161 178 190]

--- # 5
[4 0 1 7 11 14 15 16 18 20 24 32 33 34 41 45 60 61 64 68 71 72 73 74 80 81 91 100 111 138 147 149 158 160 173 186 193 194 198 203 204 206]

--- # 6
[3 2 4 7 8 13 20 25 30 36 47 54 72 83 100 134 149 208 219 223]

--- # 7
[4 6 5 12 14 16 23 28 43 77 79 113 158]

--- # 8
[1 2 6 9 10 11 12 14 16 23 28 40 42 43 50 56 76 88 90 96 102 105 125 129 151 202 207 223]

--- # 9
[2 8 1 12 19 27 29 38 44 78 94 115 150 168 172]

--- # 10
[4 8 2 17 19 102 120 121 124 159 169 193 222]

--- # 11
[8 5 2]

--- # 12
[9 7 8 18 21 27 29 32 40 41 46 49 52 58 62 66 70 74 75 86 92 115 121 164 166 170 176 183]

--- # 13
[4 1 6 37 44 51 53 61 71]

--- # 14
[7 8 5 15 22 64 66 82 85 97 123 195]

--- # 15
[5 2 14 30 53 71 79 95 142 214]

--- # 16
[7 8 5 17 57 89 101 118]

--- # 17
[16 4 10 88 112 122 160 167 199]

--- # 18
[5 12 1 55 75 155 170 188]

--- # 19
[10 9 3 22 34 123 152 182]

--- # 20
[1 5 6 31 32 80 111]

--- # 21
[2 1 12 22 30 31 39 40 55 56 59 69 93 98 114 128 142 168 206]

--- # 22
[21 19 14 25 69]

--- # 23
[7 8 4 35 49 85 194 197]

--- # 24
[5 2 1 34 35 38 51 52 66 83 135 164 207 221]

--- # 25
[22 2 6 48 49 121 174]

--- # 26
[0 3 1 127]

--- # 27
[12 1 9 28 36 51 70 82 190 196 224]

--- # 28
[7 8 27 33 39 59 64 106 140 146 200]

--- # 29
[9 12 0 106 108 132 205]

--- # 30
[6 15 21 91 94 109 116 131 191]

--- # 31
[20 0 21 39 55 57 72 128 135]

--- # 32
[5 20 12 35 37 41 50 54 56 58 98 99 104 106 123 125 129 143 159 165 167 176 197 201]

--- # 33
[1 28 5 48 60 63 68 92 108 120 136 194 220]

--- # 34
[19 5 24 86 99 126 174 210 213]

--- # 35
[32 23 24 61 70 187]

--- # 36
[6 27 1]

--- # 37
[32 13 1 43 73 74 149 185 193 200 205]

--- # 38
[1 24 9 42 63 75 77 125]

--- # 39
[21 31 28 67 131 189 201]

--- # 40
[12 8 21 47 63 90 107 137 153 191 211]

--- # 41
[32 12 5 73 140 209]

--- # 42
[38 1 8 46 87 213 224]

--- # 43
[37 8 7 67 84 104 154]

--- # 44
[13 1 9 140 160 189]

--- # 45
[0 5 4 46 52 65 87 98 136 172]

--- # 46
[45 12 42 110 124 152 192]

--- # 47
[6 2 40 84]

--- # 48
[25 4 33 203 214]

--- # 49
[12 25 23 78 81 88 105 107]

--- # 50
[8 1 32 60 102 127 150 203]

--- # 51
[27 24 13 145 192]

--- # 52
[24 12 45 128]

--- # 53
[4 13 15 129]

--- # 54
[32 2 6 158]

--- # 55
[31 18 21 94 105 156 177 212]

--- # 56
[8 21 32 65 85 120 181 182 199 218]

--- # 57
[31 2 16 90 107 116 118 157]

--- # 58
[12 4 32]

--- # 59
[21 1 28 187 201]

--- # 60
[5 33 50 80 96 132 137 154 169 207 216]

--- # 61
[13 5 35 76 79 103 153 155 177 183 198]

--- # 62
[12 2 1 119 145 150 159 196]

--- # 63
[38 33 40 95 103 157 163 195]

--- # 64
[14 28 5]

--- # 65
[45 3 56 93]

--- # 66
[12 14 24 156 212]

--- # 67
[43 2 39]

--- # 68
[5 1 33 77 115 175 186]

--- # 69
[22 21 2 76 99 152]

--- # 70
[27 12 35]

--- # 71
[5 15 13 89 173]

--- # 72
[5 6 31 130]

--- # 73
[5 41 37 111 139 161 221]

--- # 74
[12 37 5]

--- # 75
[38 12 18]

--- # 76
[8 61 69 134 209]

--- # 77
[38 7 68 83 97 144 171]

--- # 78
[1 9 49]

--- # 79
[7 61 15 108 154]

--- # 80
[5 20 60 205]

--- # 81
[0 5 49 109 137]

--- # 82
[14 2 27 153 176]

--- # 83
[24 6 77]

--- # 84
[1 43 47 87 138]

--- # 85
[14 56 23 119 132 179]

--- # 86
[1 34 12 200]

--- # 87
[45 84 42 142 143 161 218 222]

--- # 88
[8 17 49 110 135 162 195 218 221]

--- # 89
[16 1 71 104 139]

--- # 90
[8 57 40 169 224]

--- # 91
[5 30 0 119 185]

--- # 92
[4 33 12 122]

--- # 93
[65 21 1]

--- # 94
[9 30 55 146 148 175]

--- # 95
[15 1 63 97 101 112 117 118 141 145 202]

--- # 96
[1 8 60 211]

--- # 97
[77 95 14 157]

--- # 98
[45 32 21 148 208]

--- # 99
[34 32 69 101 163 219]

--- # 100
[6 5 4 126]

--- # 101
[99 95 16 133]

--- # 102
[10 8 50 185]

--- # 103
[1 63 61 117]

--- # 104
[89 43 32 216]

--- # 105
[55 8 49]

--- # 106
[32 29 28 109 124 165]

--- # 107
[40 49 57]

--- # 108
[29 33 79 130 187 190 215]

--- # 109
[30 81 106 192]

--- # 110
[46 1 88 113 141 168 177 180]

--- # 111
[73 5 20]

--- # 112
[17 95 2 162]

--- # 113
[7 110 4 146 163 165]

--- # 114
[21 1 3 155 171]

--- # 115
[12 9 68 116 206]

--- # 116
[57 115 30]

--- # 117
[2 95 103]

--- # 118
[57 95 16]

--- # 119
[91 62 85 133 148 186 199]

--- # 120
[56 33 10]

--- # 121
[10 25 12 143]

--- # 122
[17 92 2]

--- # 123
[32 19 14]

--- # 124
[10 106 46]

--- # 125
[32 38 8]

--- # 126
[100 34 1 164]

--- # 127
[4 50 26 138 178 208 213]

--- # 128
[31 21 52 133]

--- # 129
[8 32 53 134]

--- # 130
[72 108 3]

--- # 131
[30 39 1 147 181]

--- # 132
[60 85 29 141 144]

--- # 133
[101 119 128]

--- # 134
[76 6 129 166]

--- # 135
[24 31 88]

--- # 136
[45 4 33 180 184 202]

--- # 137
[40 60 81]

--- # 138
[127 5 84]

--- # 139
[4 89 73]

--- # 140
[41 44 28]

--- # 141
[132 95 110 144 175 197]

--- # 142
[21 15 87]

--- # 143
[121 87 32 182]

--- # 144
[132 141 77]

--- # 145
[51 95 62 156 184]

--- # 146
[28 94 113]

--- # 147
[5 1 131 216]

--- # 148
[98 94 119 183 189 191 212 217]

--- # 149
[5 37 6]

--- # 150
[9 50 62 151]

--- # 151
[8 150 4 180]

--- # 152
[19 46 69 167 188]

--- # 153
[61 82 40]

--- # 154
[79 43 60]

--- # 155
[18 114 61 173]

--- # 156
[55 145 66]

--- # 157
[57 63 97 181]

--- # 158
[5 54 7 220]

--- # 159
[10 62 32 204]

--- # 160
[5 17 44 210]

--- # 161
[73 4 87]

--- # 162
[112 0 88]

--- # 163
[113 99 63]

--- # 164
[24 12 126 214]

--- # 165
[32 113 106]

--- # 166
[1 134 12]

--- # 167
[17 152 32]

--- # 168
[9 21 110]

--- # 169
[90 10 60 171 179 184]

--- # 170
[18 2 12 188]

--- # 171
[77 169 114 204]

--- # 172
[0 45 9]

--- # 173
[71 155 5]

--- # 174
[34 25 1]

--- # 175
[141 68 94 210]

--- # 176
[12 82 32 209]

--- # 177
[110 61 55]

--- # 178
[4 127 1]

--- # 179
[169 1 85]

--- # 180
[136 110 151]

--- # 181
[56 157 131]

--- # 182
[143 19 56]

--- # 183
[148 61 12 217]

--- # 184
[145 169 136]

--- # 185
[102 91 37]

--- # 186
[119 68 5]

--- # 187
[108 35 59 196]

--- # 188
[18 152 170 215]

--- # 189
[39 148 44]

--- # 190
[108 4 27]

--- # 191
[30 40 148]

--- # 192
[46 51 109]

--- # 193
[37 5 10]

--- # 194
[33 23 5]

--- # 195
[14 88 63]

--- # 196
[27 187 62]

--- # 197
[141 32 23]

--- # 198
[2 5 61 217]

--- # 199
[17 56 119]

--- # 200
[28 37 86]

--- # 201
[39 59 32]

--- # 202
[136 95 8]

--- # 203
[5 50 48]

--- # 204
[5 159 171]

--- # 205
[37 80 29]

--- # 206
[21 5 115]

--- # 207
[24 8 60 215]

--- # 208
[6 98 127]

--- # 209
[176 41 76]

--- # 210
[160 34 175 219]

--- # 211
[1 96 40]

--- # 212
[55 148 66]

--- # 213
[127 42 34]

--- # 214
[15 48 164]

--- # 215
[188 207 108]

--- # 216
[104 147 60]

--- # 217
[183 148 198]

--- # 218
[88 87 56]

--- # 219
[99 210 6]

--- # 220
[33 3 158]

--- # 221
[73 88 24]

--- # 222
[87 0 10]

--- # 223
[6 0 8]

--- # 224
[90 42 27]

--- # Corners
[Corners 221 222 223 224]