--- # 0
[1 7 139 156 301]

--- # 1
[0 2 7 8 9 10 11 12 13 14 15 16 18 20 21 25 26 27 32 33 35 39 40 44 45 46 54 57 58 66 69 72 83 86 90 92 96 98 102 103 107 108 110 111 117 139 145 146 148 153 155 162 169 172 187 191 203 215 217 221 235 245 246 248 269 277 282 294 297 302 303 304 305 329 346 348 362 367 368 372 387 402 416 421 433 443 445 453 474 481 483 498 505 525 533 538 549 551 566]

--- # 2
[1 3 7 8 11 13 14 16 17 20 22 24 28 30 32 41 43 44 49 57 58 64 70 73 77 80 81 82 89 96 99 106 119 132 136 138 149 158 161 173 218 221 245 260 271 274 276 279 283 286 287 301 305 317 321 343 345 353 356 399 401 408 427 475 497 504 543 568]

--- # 3
[2 4 7 8 10 12 13 16 17 19 21 29 30 34 35 38 39 45 52 57 60 61 64 71 81 83 87 88 89 93 107 110 122 130 131 133 144 146 149 152 156 160 170 176 185 187 202 203 213 214 217 228 237 261 265 273 284 294 306 324 325 331 355 362 396 427 457 464 512 527 540 542 545 558]

--- # 4
[3 5 7 8 9 10 12 18 20 21 22 24 26 29 30 33 36 37 42 46 50 56 68 101 104 113 119 123 127 129 140 144 145 146 157 172 174 182 192 220 221 224 227 243 252 257 329 330 332 333 338 361 376 400 404 435 436 452 488 503 533 536 551 552]

--- # 5
[4 6 7 9 10 12 13 14 15 17 21 23 36 37 38 39 43 46 54 71 77 79 85 94 121 122 127 132 138 145 154 167 193 194 223 236 256 263 274 288 299 300 325 332 340 354 358 382 391 397 403 411 413 439 445 456 475 477 481 482 487 497 500 513 514 520 548 551 571 574]

--- # 6
[5 8 9 11 16 19 47 49 76 78 83 98 122 144 197 250 283 286 290 449 518 543]

--- # 7
[0 2 5 3 4 1 8 9 10 11 12 13 14 15 16 17 18 19 22 24 27 29 31 34 38 44 47 48 49 50 51 56 63 65 72 74 77 82 94 104 110 119 131 142 143 155 156 163 170 173 175 193 196 197 199 200 208 212 218 230 239 242 249 252 274 291 293 309 310 332 335 351 359 366 377 397 403 410 424 443 444 446 447 457 463 472 475 480 503 516 542 545 549 559]

--- # 8
[6 4 7 2 3 1 9 12 14 15 18 20 23 25 26 33 46 50 53 54 56 60 64 71 72 76 77 81 135 157 175 210 213 221 229 240 244 253 277 302 308 310 311 329 334 341 344 375 379 393 399 411 423 462 474 517 557 569]

--- # 9
[5 4 7 1 8 6 10 11 13 14 15 17 28 40 41 61 65 70 73 88 95 103 112 132 134 137 138 144 158 168 183 184 190 193 196 239 250 262 303 306 313 319 359 360 377 414 418 426 464 476 504 512]

--- # 10
[4 9 7 3 1 5 11 15 18 19 23 25 27 30 31 36 38 39 41 48 49 51 52 54 55 60 61 62 75 82 85 88 94 98 101 107 119 123 125 139 147 148 154 159 164 168 169 172 179 200 212 233 244 255 270 288 296 298 299 303 326 364 367 372 373 435 451 454 479 493 518]

--- # 11
[10 6 7 9 1 2 16 25 28 34 37 42 56 62 66 67 73 82 84 88 93 96 140 159 162 174 178 183 184 186 190 197 199 208 216 218 251 257 293 300 315 321 330 387 420 453 465 475 494 503 515 521 547 561]

--- # 12
[7 1 5 3 4 8 20 22 26 32 33 39 40 48 58 92 101 105 128 151 156 162 202 223 238 240 261 279 304 327 381 393 400 414 467 473 495 499 502 504]

--- # 13
[1 5 2 7 9 3 21 27 28 34 42 51 53 55 58 65 86 99 103 104 107 128 157 160 184 205 206 232 291 298 322 359 376 397 415 417 449 485 539 560 570 575]

--- # 14
[1 8 5 2 7 9 20 22 23 24 37 41 42 44 52 57 59 65 66 69 70 78 81 84 94 108 115 147 158 163 190 214 238 254 260 268 270 294 333 346 349 350 355 363 404 405 407 437 442 479 537]

--- # 15
[8 1 7 9 5 10 17 19 26 29 31 38 43 44 45 50 52 53 54 55 56 64 68 79 80 89 93 98 120 129 139 148 159 170 175 181 182 204 235 241 246 261 265 277 322 345 362 373 379 395 432 443 450 461 514 515 546]

--- # 16
[7 11 6 3 2 1 22 23 25 32 36 51 75 135 165 175 309 310 312 388 455 468 507]

--- # 17
[3 2 7 5 15 9 18 19 30 31 32 37 44 56 65 84 85 92 100 110 114 116 118 121 144 148 155 157 163 246 258 259 271 292 301 377 404 411 428 430 439 461 479 486 539 552]

--- # 18
[10 4 17 7 1 8 23 77 202 351 419 431 441]

--- # 19
[6 15 10 17 7 3 21 24 36 40 47 62 74 76 79 80 91 95 96 109 116 119 125 134 137 140 141 143 174 178 181 183 203 253 254 255 274 316 317 325 354 356 396 400 433 446 468 473 489 492 497 502 536 562 563]

--- # 20
[14 2 12 1 4 8 25 26 27 28 30 31 33 40 41 47 49 52 59 68 70 71 73 84 87 95 97 100 104 108 112 141 143 149 152 161 186 198 215 216 227 231 232 237 241 271 293 311 320 323 331 343 345 394 404 413 418 446 458 459 476 487 502 513 566]

--- # 21
[5 1 4 19 3 13 29 32 35 36 37 41 57 62 68 74 76 79 86 89 101 121 126 133 136 163 180 198 241 242 246 248 262 295 405 413 422 502 571]

--- # 22
[16 14 7 2 12 4 42 74 105 125 159 177 229 237 268 304 328 422 483 562]

--- # 23
[14 16 10 8 5 18 24 27 35 45 53 60 102 106 118 129 132 171 189 199 203 207 211 220 255 270 312 315 402 449 467 470 535 547]

--- # 24
[19 7 4 23 2 14 28 45 75 78 90 107 117 120 197 222 242 264 283 284 300 308 312 430 528]

--- # 25
[11 20 16 8 10 1 34 35 46 49 72 143 144 145 160 166 167 181 184 190 210 238 284 292 293 398 467 518 534 542 547 548 571]

--- # 26
[12 15 8 20 1 4 29 31 33 34 42 43 58 69 78 97 105 109 115 136 137 140 164 193 199 211 235 236 258 346 374 375 395 396 408 416 436 461 467 470 496 506 511 524 548]

--- # 27
[1 23 20 10 13 7 120 234 260 378 462]

--- # 28
[20 11 13 2 24 9 40 52 58 65 128 132 179 269 364 538]

--- # 29
[15 4 21 26 3 7 46 59 75 112 114 151 289 338 349 394 402 445 484 557]

--- # 30
[10 2 3 17 20 4 84 116 171 186 206 249 252 265 286 340 377 409 473 535 536 548]

--- # 31
[17 26 15 7 20 10 39 43 48 50 87 165 241 291 310 379 386 390 407]

--- # 32
[2 1 12 17 21 16 53 158 173 174 185 381 517 564]

--- # 33
[1 4 26 20 8 12 35 38 48 51 57 152 153 219 224 229 239 336 357 368 419 433 507]

--- # 34
[3 11 25 13 26 7 53 61 64 71 78 90 154 180 202 219 226 238 258 260 270 301 344 357 466 552]

--- # 35
[21 23 25 3 1 33 63 67 80 124 187 204 205 303 307 319]

--- # 36
[16 10 21 5 19 4 48 70 91 106 142 188 201 210 218 270 323 383 415 507]

--- # 37
[17 5 14 4 11 21 66 97 100 101 102 106 107 109 113 118 141 177 192 197 216 254 308 324 346 358 369 409 510 523 526 569]

--- # 38
[15 10 7 5 33 3 72 86 95 133 142 152 209 227 230 252 297 309 374 396 414 415]

--- # 39
[1 10 3 12 5 31 55 60 66 73 86 97 115 117 127 163 171 204 252 298 313 351 416 452 531 574]

--- # 40
[9 19 28 20 1 12 113 149 169 311 345 445 469 485 489 555]

--- # 41
[10 14 2 21 20 9 45 54 76 83 109 128 134 141 142 146 159 187 192 198 212 222 232 233 235 272 280 305 309 326 331 332 348 360 364 382 388 421 516 531 537 562]

--- # 42
[4 26 22 11 14 13 43 50 92 94 145 160 161 179 200 275 306 314 425 428 575]

--- # 43
[15 5 2 42 26 31 67 112 211 249 251 312 433 488]

--- # 44
[2 1 17 14 7 15 47 59 68 75 83 126 164 186 203 219 256 264 395 419 443 480 500 512 523 565 573]

--- # 45
[15 41 1 24 23 3 47 55 67 69 74 78 83 115 122 135 172 188 205 238 244 330 333 440 443 463 499 533 535 542 552]

--- # 46
[4 29 1 25 8 5 61 80 124 146 167 175 225 257 320 353 355 454]

--- # 47
[7 6 44 45 19 20 79 85 109 118 167 243 318 357 375 423 553]

--- # 48
[10 33 12 7 36 31 62 74 102 135 180 233 281 283 336 417 423 428 453 528 573]

--- # 49
[6 10 7 2 25 20 72 189 192 223 258 316 427 557]

--- # 50
[15 31 4 42 7 8 51 61 63 66 70 71 109 114 124 126 132 147 168 178 183 212 224 230 305 322 347 437 528 565]

--- # 51
[16 50 33 10 13 7 55 59 68 89 92 114 181 196 197 209 214 219 225 226 250 279 280 286 295 301 383 389 410 448 511 513 521 557]

--- # 52
[28 3 14 15 10 20 111 191 216 227 237 292 324 342 377 391 442 492 524 568]

--- # 53
[23 34 15 13 8 32 60 101 127 306 308 334 378 412 429 519]

--- # 54
[8 5 10 1 41 15 67 88 120 123 136 150 154 167 169 171 188 199 256 266 278 352 378 391 399 403 434 537 555 574]

--- # 55
[39 15 13 10 45 51 59 62 79 80 81 102 111 126 138 162 164 194 203 204 207 224 228 298 350 375 398 412 418 469 476 480 486 559 572]

--- # 56
[17 8 4 7 11 15 63 67 69 93 110 115 137 156 178 182 202 213 225 259 272 279 306 307 348 373 412 425 440 460 479 493 521 540 554]

--- # 57
[1 3 2 14 21 33 77 85 91 99 111 120 161 174 177 185 200 247 290 313 350 368 424 436 444 476 489 501 517 528 535 560 564 574]

--- # 58
[1 2 28 13 26 12 75 84 90 95 97 208 225 228 234 345 368 417 425 472 483 519 544 567 572]

--- # 59
[44 51 55 29 20 14 64 95 116 131 216 229 230 267 346 384 439 462 470 485 505 510 565]

--- # 60
[3 23 53 8 39 10 63 91 281 302 317 513 532 540]

--- # 61
[10 9 50 46 34 3 63 86 89 93 105 147 152 162 180 201 266 275 279 282 330 369 380 429 432 448 487 494 520 560]

--- # 62
[21 11 19 55 48 10 69 87 215 220 291 307 316 318 480 525 564]

--- # 63
[56 7 60 35 50 61 82 105 117 169 189 207 222 367 434 457 516 533 541]

--- # 64
[15 2 8 59 3 34 105 150 469 522 540]

--- # 65
[28 7 14 13 9 17 108 123 124 160 161 165 217 260 289 311 420 468 471 524 541]

--- # 66
[39 11 50 14 1 37 96 100 130 160 220 339 358 383 434 437 452 557]

--- # 67
[11 45 56 54 43 35 76 103 147 217 268 409]

--- # 68
[20 51 15 4 44 21 110 150 201 541]

--- # 69
[62 56 14 26 45 1 130 434 474 497 545]

--- # 70
[14 9 2 50 36 20 82 85 104 150 196 224 239 255 357 413 427 496 521]

--- # 71
[20 3 8 5 34 50 191 207 232 301 361 395 401 439 478 527]

--- # 72
[7 8 38 1 49 25 73 91 242 248 262 472 553]

--- # 73
[9 39 72 11 20 2 114 386 438 512 525]

--- # 74
[19 45 21 48 7 22 98 100 106 117 129 134 141 172 176 185 198 222 223 231 243 267 299 319 340 346 365 374 383 449 451 573]

--- # 75
[29 44 58 24 16 10 90 91 123 125 130 133 153 422 455 493]

--- # 76
[41 19 8 6 21 67 87 97 113 134 150 158 195 221 326]

--- # 77
[18 2 7 8 57 5 94 138 191 212 226 258 327 336 359 432 446 466 573]

--- # 78
[24 26 34 14 6 45 106 115 162 225 333 338 498 527 543 547]

--- # 79
[15 5 47 19 21 55 81 126 287 330 347 394 481 517]

--- # 80
[55 19 35 15 46 2 125 185 191 210 290 341]

--- # 81
[8 2 79 14 55 3 90 99 103 121 123 126 180 186 254 290 384 489 555]

--- # 82
[11 70 63 7 10 2 87 135 154 237 247 266 373 406]

--- # 83
[41 45 6 44 3 1 96 108 152 182 251 259 313 374 380 429 430 471 487 509 545]

--- # 84
[20 30 14 11 58 17 92 103 111 121 130 163 166 187 206 208 222 231 234 240 273 285 292 300 315 382 388 452 463 474 477 494 540]

--- # 85
[57 70 10 5 17 47 99 108 117 176 188 205 397 407 506]

--- # 86
[61 13 1 21 38 39 88 104 116 154 161 178 182 314 328 412 415 437 523 553]

--- # 87
[20 82 3 76 31 62 166 208 267 296 331 336 404 445 467 523 526]

--- # 88
[11 9 86 54 3 10 130 131 236 251 269 287 343 363 481 494]

--- # 89
[61 2 3 15 21 51 93 99 116 124 168 170 185 265 281 282 350 393 397 413 421 422 430 488 562]

--- # 90
[1 58 34 75 81 24 100 127 137 176 196 234 251 309 315 339 344 401 402 403 565]

--- # 91
[60 75 19 72 36 57 118 153 158 169 187 269 339 366 402 482 508]

--- # 92
[1 42 51 17 84 12 145 170 194 276 441]

--- # 93
[3 11 89 61 56 15 112 122 137 204 253 254 306 317 320 370 399 401 511]

--- # 94
[14 7 77 42 5 10 112 129 151 153 190 211 249 314]

--- # 95
[58 20 9 59 38 19 98 102 118 166 173 193 196 246 263 264 280 295 297 357 389 419 469 514 538 561]

--- # 96
[66 1 19 11 2 83 128 342 437]

--- # 97
[58 26 37 39 20 76 138 186 195 276 320 358 406]

--- # 98
[6 74 10 15 95 1 135 155 181 219 231 271 276 354 361 451 525 564]

--- # 99
[81 89 13 57 2 85 120 175 205 248 288 289]

--- # 100
[37 17 90 66 20 74 257 409 458]

--- # 101
[37 10 12 4 53 21 125 129 149 177 210 302 318 358 468 490 532]

--- # 102
[55 48 37 1 95 23 114 148 280 305 328 336 349 381]

--- # 103
[67 9 81 1 84 13 124 148 173 178 198 411 424 483 519 536 566 574]

--- # 104
[86 70 20 7 13 4 214 271 363 389 416]

--- # 105
[63 22 12 61 64 26 133 136 244 322 348 470 531]

--- # 106
[2 36 37 78 74 23 119 122 139 141 172 193 223 226 233 242 253 263 276 282 285 310 353 354 406 429 436 442 450 472 530 556 570]

--- # 107
[13 24 1 10 3 37 134 147 149 171 180 189 217 372 444 457]

--- # 108
[14 65 83 1 85 20 113 127 167 237 358 363 398 537]

--- # 109
[26 41 50 37 19 47 111 254 529 544 570]

--- # 110
[7 17 1 3 68 56 113 270 382 391 430 519]

--- # 111
[55 84 1 52 109 57 133 146 171 216 229 240 386 410 458 537]

--- # 112
[93 43 29 94 20 9 347 472 522]

--- # 113
[4 37 76 40 110 108 315 408 452]

--- # 114
[29 51 17 102 50 73 181 226 338]

--- # 115
[56 14 45 26 78 39 189 260 263 386 427 431 439 500 558]

--- # 116
[30 59 19 17 86 89 182 288 310 371 466]

--- # 117
[1 85 24 74 63 39 143 166 183]

--- # 118
[37 17 95 23 47 91 139 142 151 174 263 303 341 378 399 532]

--- # 119
[106 19 4 7 2 10 131 164 214 243 376 459 536]

--- # 120
[15 27 99 57 54 24 121 150 253 294 340 353 532]

--- # 121
[17 5 120 84 21 81 474]

--- # 122
[3 45 93 106 6 5 164 343 392 441 467 484 515 549 560]

--- # 123
[10 65 81 4 54 75 136 240 259 486]

--- # 124
[103 89 46 35 50 65 184 277 295 454 558]

--- # 125
[10 22 75 19 101 80 210 228 327 414]

--- # 126
[50 55 21 81 79 44 128 140 157 309 313 381 418 505]

--- # 127
[39 53 4 108 90 5 213 352 356 435 496 519]

--- # 128
[96 12 13 28 126 41 131 201 247 263 331 402 450 498]

--- # 129
[101 4 23 15 74 94 231 325 370 465 528 553]

--- # 130
[84 3 66 75 88 69 155 272 288 381 456 508 558]

--- # 131
[3 128 88 7 59 119 194 206 252 278 280 296 327 464 501 517]

--- # 132
[23 5 2 9 50 28 264 320 335 401]

--- # 133
[111 3 21 75 38 105 142 194 207 233 244 267 342 350 457 539]

--- # 134
[41 74 76 9 107 19 143 153 156 157 170 190 213 243 302 323 326 352 366 493 526 562]

--- # 135
[8 48 45 16 98 82 228 250 282 471 484 573]

--- # 136
[26 21 105 123 2 54 140 151 155 166 179 188 192 286 300 326 356 531 569]

--- # 137
[26 19 56 90 93 9]

--- # 138
[55 2 97 77 9 5 168 227 272 304 355 400 500]

--- # 139
[106 10 1 15 118 0 195 201 470]

--- # 140
[19 126 26 11 136 4 220 245 278 381 479]

--- # 141
[20 74 19 106 41 37 195 209 268 431 497 550]

--- # 142
[133 41 38 36 118 7 234 285 318 320 326 378 426 430 463 490 505]

--- # 143
[20 134 117 19 25 7 366 424 529 544]

--- # 144
[9 17 3 6 4 25 173 201 202 209 249 261 284 296 325 361 363 396 415 443 455 475 531]

--- # 145
[4 25 42 5 92 1 189 212 287 337 441 446 465 490 545]

--- # 146
[4 41 111 1 3 46 335 549 569]

--- # 147
[10 67 14 107 50 61 184 211 218 256 506]

--- # 148
[102 15 10 17 1 103 168 215 269 281]

--- # 149
[40 101 3 20 107 2 151 285 334 408 458 522]

--- # 150
[76 54 120 68 64 70 159 192 250 262 272 316 353 392]

--- # 151
[136 118 149 12 94 29 176 195 218 308 347 349 436 446 502]

--- # 152
[20 3 38 83 33 61 412 484 554]

--- # 153
[91 94 75 134 33 1 207 221 249 373 411 483]

--- # 154
[82 86 34 5 54 10 165 200 236 375 462]

--- # 155
[1 130 98 17 7 136 319 337]

--- # 156
[7 56 3 0 12 134 297 335]

--- # 157
[17 4 126 134 8 13 165 275 293 322 386 436 489 511]

--- # 158
[9 32 2 91 76 14 176 259 462]

--- # 159
[11 10 15 150 41 22 214 312 339 359 370 374 407]

--- # 160
[3 25 65 13 42 66 350 417 426 524]

--- # 161
[20 86 2 57 65 42 209 219 220 304 393]

--- # 162
[12 1 11 78 61 55 165 208 247 268]

--- # 163
[17 84 39 14 21 7 179 236 261 283 442 495]

--- # 164
[26 119 55 122 44 10 238 241 292 311 349 353 379 414 444 571]

--- # 165
[16 157 162 65 154 31 388]

--- # 166
[136 84 87 25 95 117 228 385 556]

--- # 167
[25 46 54 5 108 47 177 242 347 497 498]

--- # 168
[9 10 50 148 89 138 179 280 383]

--- # 169
[10 40 63 54 1 91 285 367 384 493 494 495 555]

--- # 170
[7 89 15 92 134 3 282 547 560]

--- # 171
[39 54 107 30 23 111 206 245 273 295 319 454 481 561 569]

--- # 172
[10 1 74 4 45 106 177 419 564]

--- # 173
[95 7 2 144 32 103 223 278]

--- # 174
[11 57 4 32 118 19 195 222 275 284 348 508 551]

--- # 175
[8 99 7 46 16 15]

--- # 176
[3 74 151 85 158 90 352]

--- # 177
[57 37 172 101 22 167 262]

--- # 178
[103 50 56 86 11 19 183 256 334 492]

--- # 179
[168 10 163 28 136 42 438]

--- # 180
[21 48 34 107 81 61 287 299 335 389 421 534]

--- # 181
[114 98 19 51 25 15 209 244 292 477]

--- # 182
[86 83 4 15 56 116 215 290]

--- # 183
[117 19 11 178 50 9 188 229 243 272 572]

--- # 184
[9 11 124 13 147 25 324 338 407 418 460 466 471 507 529]

--- # 185
[57 89 32 3 74 80 313 429]

--- # 186
[30 20 97 11 81 44 431]

--- # 187
[84 1 35 91 41 3 191 225 247 261 264 321]

--- # 188
[136 54 85 36 183 45 275 283 555]

--- # 189
[107 145 115 49 63 23 471]

--- # 190
[94 134 11 9 25 14 198 265 279]

--- # 191
[1 187 52 71 77 80 194 206 247 286 298 330 340 422]

--- # 192
[37 150 136 49 41 4 529 538]

--- # 193
[7 9 5 95 106 26 199 200 226 327 329 365 368 473 573]

--- # 194
[191 133 55 92 5 131 231 236 268 281 370 385 410 441 466]

--- # 195
[141 174 151 76 139 97 205 271 366 453]

--- # 196
[51 70 90 7 9 95 217 425 459 526]

--- # 197
[37 11 51 7 24 6 266 276 455]

--- # 198
[190 41 103 74 21 20 298 304 316 543]

--- # 199
[54 23 7 193 26 11 293 449]

--- # 200
[42 57 193 154 7 10 204 227 266]

--- # 201
[144 139 61 36 128 68 239 482 539]

--- # 202
[34 12 3 18 144 56 240 362 375 390 499]

--- # 203
[19 23 44 55 1 3 265 387 454]

--- # 204
[39 200 15 93 35 55 235 341 382]

--- # 205
[35 195 45 13 85 99 273 329]

--- # 206
[171 131 84 30 13 191 211 224 248 311 389 444 478 501]

--- # 207
[55 71 153 133 23 63 314 376]

--- # 208
[87 7 84 162 58 11 215 248 308 473 520]

--- # 209
[144 51 161 181 38 141 230 241 253 269 305 354 365 384 416 426 452 559]

--- # 210
[80 25 125 8 36 101 213 232 274 277 525]

--- # 211
[43 94 206 147 23 26 367 415]

--- # 212
[41 50 145 10 77 7 230 234 255]

--- # 213
[127 210 8 56 3 134 245 297 312 376 379 403 491 567]

--- # 214
[104 159 3 14 51 119 259 289 322 333 388 393 406 448 500]

--- # 215
[148 62 20 1 208 182 388]

--- # 216
[37 111 59 11 20 52]

--- # 217
[1 3 107 67 65 196 235 314 386 387 440 515]

--- # 218
[151 36 2 11 147 7 232 303 328 395 481 501 535 546 563]

--- # 219
[33 161 98 44 51 34 364 488]

--- # 220
[140 23 66 62 161 4]

--- # 221
[153 76 2 8 4 1 314 367 471 551]

--- # 222
[174 74 41 24 84 63 256 267 433 451 567]

--- # 223
[5 74 173 12 106 49 239 542]

--- # 224
[50 33 206 55 4 70 233 300 345]

--- # 225
[187 58 46 78 51 56 264 334 365 380 438]

--- # 226
[114 193 106 77 34 51 285 337 342 404 498 516 539 568]

--- # 227
[4 52 20 200 38 138 258 266 459 482]

--- # 228
[135 125 3 58 55 166 447]

--- # 229
[8 183 33 22 111 59 255 460 569]

--- # 230
[7 59 38 50 209 212 245 289 295 509 572]

--- # 231
[20 98 74 84 129 194 257 277 365]

--- # 232
[41 71 20 210 218 13 275 318 447 486]

--- # 233
[41 10 48 133 106 224 262 288 315 502]

--- # 234
[84 212 142 90 58 27 341 420 426 518]

--- # 235
[15 1 217 26 204 41 328 432]

--- # 236
[88 154 5 194 26 163 383]

--- # 237
[20 82 52 108 3 22 307 318]

--- # 238
[164 45 25 14 12 34 503]

--- # 239
[9 201 223 70 33 7]

--- # 240
[8 202 123 111 12 84 250 251 278 344 361 522]

--- # 241
[31 20 15 21 164 209 267 369 470 529 546]

--- # 242
[7 167 72 24 21 106 246 284 291 371 488 554 570]

--- # 243
[74 47 183 4 134 119 372 377 448]

--- # 244
[45 105 8 10 181 133 362 392 522 527 554]

--- # 245
[140 2 1 213 171 230 273 296]

--- # 246
[15 242 17 21 1 95 520]

--- # 247
[57 191 82 128 187 162 408 532]

--- # 248
[1 208 206 21 72 99 294 323 371 405 425 440 450 514]

--- # 249
[94 153 30 43 7 144 316 372 380 429]

--- # 250
[6 51 240 135 150 9 257]

--- # 251
[88 83 240 43 90 11 370 428 533]

--- # 252
[38 7 4 30 39 131 380]

--- # 253
[19 93 106 8 209 120 323 397 555]

--- # 254
[19 109 93 81 37 14 281 407 516 545]

--- # 255
[19 70 229 23 10 212 332]

--- # 256
[44 5 222 54 178 147 317 351 468 556]

--- # 257
[46 250 4 231 100 11 274 360 489 527]

--- # 258
[227 34 49 17 26 77 324 391 392 424]

--- # 259
[17 56 214 123 83 158 273 352]

--- # 260
[115 2 34 27 14 65 418 424 511]

--- # 261
[15 163 12 187 144 3 299 371]

--- # 262
[72 150 177 233 9 21 321]

--- # 263
[118 115 128 106 5 95 458 463]

--- # 264
[187 225 44 132 95 24 331 334 469]

--- # 265
[203 89 3 30 15 190]

--- # 266
[61 197 54 200 82 227 278 332 376 448 473 509 556]

--- # 267
[222 59 74 133 241 87 287 339 352 384 509 516 546]

--- # 268
[67 22 141 194 162 14 344 378]

--- # 269
[28 209 91 88 1 148 344 465 490]

--- # 270
[14 34 110 36 10 23 342 385 390 400 410 518 552]

--- # 271
[98 195 20 2 104 17 351 563]

--- # 272
[130 41 138 183 150 56 299 505]

--- # 273
[3 259 84 245 205 171 291 347 423 438 510]

--- # 274
[257 210 7 2 5 19 289 325 337 341 514]

--- # 275
[174 61 42 188 157 232 405 466 546]

--- # 276
[92 2 106 197 97 98 296 369 419 464 480 510]

--- # 277
[210 8 124 231 15 1 385 575]

--- # 278
[54 240 173 266 140 131 307 342 357 393 478 525]

--- # 279
[56 190 2 12 51 61 290 317 369]

--- # 280
[168 95 102 131 51 41 491]

--- # 281
[148 60 48 194 89 254]

--- # 282
[89 1 135 106 61 170 321 431]

--- # 283
[6 163 24 188 2 48]

--- # 284
[24 144 3 174 25 242 294 340 356 495 543]

--- # 285
[226 84 149 106 142 169 307 392]

--- # 286
[51 6 2 136 30 191]

--- # 287
[88 2 79 267 180 145 297 390]

--- # 288
[5 99 116 233 10 130 476 518 536]

--- # 289
[29 230 99 65 274 214 343 556]

--- # 290
[57 80 279 81 182 6 363 385 510]

--- # 291
[62 13 273 31 242 7 500]

--- # 292
[164 84 17 52 25 181 409 455 567]

--- # 293
[20 7 199 25 11 157 319 368 398 496 499]

--- # 294
[14 1 120 3 248 284 324 329 371 432]

--- # 295
[171 124 51 21 230 95 302 532]

--- # 296
[10 245 276 131 87 144]

--- # 297
[287 38 156 1 95 213 476 483 504]

--- # 298
[39 198 10 55 191 13 440 447 530 565]

--- # 299
[10 74 272 180 5 261]

--- # 300
[5 224 136 11 24 84 360]

--- # 301
[34 51 71 2 17 0 337 379 524]

--- # 302
[1 134 101 8 60 295]

--- # 303
[9 118 1 35 218 10 465]

--- # 304
[138 12 198 161 1 22 423 460 541]

--- # 305
[41 1 209 50 2 102 321 328 335 361 373 441 458 480 504]

--- # 306
[93 3 42 53 56 9 387 495]

--- # 307
[62 285 237 56 35 278 394 442 478]

--- # 308
[37 208 8 24 151 53]

--- # 309
[38 16 7 41 126 90 343 364 369 400 547]

--- # 310
[106 31 116 8 7 16]

--- # 311
[20 8 206 65 40 164 364 421]

--- # 312
[43 24 23 213 159 16 511]

--- # 313
[185 83 9 39 126 57 338 421 486]

--- # 314
[207 42 86 217 221 94 323 437]

--- # 315
[23 90 11 233 84 113 333]

--- # 316
[62 19 198 49 150 249 337 477 548]

--- # 317
[256 2 279 93 19 60 336]

--- # 318
[47 101 62 232 142 237 380 538]

--- # 319
[171 9 293 155 74 35 479]

--- # 320
[20 142 97 93 46 132 327 390 416 544 568 572]

--- # 321
[305 11 282 262 187 2 570]

--- # 322
[214 50 157 105 15 13 384 428 460]

--- # 323
[314 20 36 134 253 248]

--- # 324
[294 184 52 37 258 3 406 460 571]

--- # 325
[19 274 3 144 129 5]

--- # 326
[142 10 136 134 76 41 413 453]

--- # 327
[77 193 12 320 125 131 362]

--- # 328
[305 218 102 22 86 235]

--- # 329
[294 1 193 4 205 8 394 459]

--- # 330
[45 79 11 4 61 191]

--- # 331
[3 41 128 264 20 87 508]

--- # 332
[41 266 7 4 255 5 339 405 435 522]

--- # 333
[45 315 214 78 14 4 477 559 574]

--- # 334
[225 53 178 149 8 264 492 507]

--- # 335
[156 132 180 305 146 7 398 454 504]

--- # 336
[317 102 33 77 48 87 405]

--- # 337
[316 226 301 145 274 155 359 401 420 477 527 564]

--- # 338
[78 4 29 184 313 114 354 371 432 439 550]

--- # 339
[90 66 91 159 267 332 365]

--- # 340
[120 284 5 30 191 74 450 498]

--- # 341
[234 8 274 118 80 204 355 507 508 534]

--- # 342
[278 270 96 52 133 226 351 356]

--- # 343
[122 2 20 309 289 88 348 355 360 521 551]

--- # 344
[34 240 90 8 269 268 366]

--- # 345
[58 15 2 40 20 224 462 496 542 556]

--- # 346
[14 37 1 74 59 26 349 484 512 541]

--- # 347
[151 50 167 112 79 273 374 392 417 475 567]

--- # 348
[174 41 105 1 56 343 451]

--- # 349
[14 346 151 29 164 102]

--- # 350
[14 89 57 55 133 160 403]

--- # 351
[18 271 39 7 342 256]

--- # 352
[176 54 259 267 127 134 510]

--- # 353
[2 150 106 120 164 46 512]

--- # 354
[338 98 19 209 106 5 491 530 562]

--- # 355
[46 14 138 343 341 3 409]

--- # 356
[284 342 2 19 127 136 360]

--- # 357
[47 34 70 95 33 278 560]

--- # 358
[108 66 97 101 37 5 406]

--- # 359
[13 159 337 77 7 9]

--- # 360
[9 300 257 356 343 41]

--- # 361
[98 305 71 144 240 4 478 484 491]

--- # 362
[327 3 1 202 15 244 372 412 468 517]

--- # 363
[290 88 144 104 14 108 387 394 395 408 420 433 440 447]

--- # 364
[41 10 309 219 28 311]

--- # 365
[231 209 339 74 225 193 482 485]

--- # 366
[344 195 143 91 7 134]

--- # 367
[211 1 169 10 63 221 521]

--- # 368
[57 293 193 1 33 58 370 445]

--- # 369
[309 37 279 241 61 276 427 494 544 550]

--- # 370
[194 129 251 93 159 368]

--- # 371
[294 116 242 338 248 261]

--- # 372
[249 362 243 107 1 10 461]

--- # 373
[153 15 82 305 10 56 550]

--- # 374
[159 83 38 347 26 74 414 459]

--- # 375
[55 154 47 202 8 26 561]

--- # 376
[213 266 207 119 4 13 435 492]

--- # 377
[17 52 9 243 7 30]

--- # 378
[27 53 54 268 142 118 447 455 464]

--- # 379
[15 213 164 8 301 31 382 485 515 575]

--- # 380
[61 252 249 318 83 225 391 399]

--- # 381
[102 140 12 32 130 126]

--- # 382
[204 84 5 379 41 110 385 389 426 435 450 554]

--- # 383
[51 74 168 36 66 236 411 571]

--- # 384
[59 322 169 267 81 209 417 420 442]

--- # 385
[382 166 270 290 277 194]

--- # 386
[217 73 111 115 31 157 390]

--- # 387
[217 1 363 11 203 306 456]

--- # 388
[214 41 16 84 215 165 396 410 535 539]

--- # 389
[382 104 51 206 180 95 398 524]

--- # 390
[270 287 320 202 386 31 434]

--- # 391
[5 110 52 54 380 258 428]

--- # 392
[258 285 347 244 150 122 491 565]

--- # 393
[8 161 12 89 278 214]

--- # 394
[29 20 307 363 79 329 478 485]

--- # 395
[218 15 44 26 363 71 506 520]

--- # 396
[388 38 26 19 3 144 566]

--- # 397
[85 89 13 5 7 253]

--- # 398
[335 25 55 293 108 389 563]

--- # 399
[2 8 93 54 380 118]

--- # 400
[12 309 19 270 138 4]

--- # 401
[132 2 337 71 90 93 456]

--- # 402
[1 90 29 23 91 128 425 490]

--- # 403
[90 5 213 54 350 7 434]

--- # 404
[87 226 14 4 17 20 487 531 537]

--- # 405
[14 332 21 248 336 275 453]

--- # 406
[358 106 97 324 214 82 519]

--- # 407
[85 159 31 184 14 254 575]

--- # 408
[2 149 247 26 113 363]

--- # 409
[292 355 37 67 30 100]

--- # 410
[7 388 270 111 194 51]

--- # 411
[5 103 383 153 17 8]

--- # 412
[86 55 152 362 56 53 422]

--- # 413
[20 21 70 89 5 326 423]

--- # 414
[38 9 12 125 374 164 431 463]

--- # 415
[36 211 144 86 38 13 465]

--- # 416
[26 104 39 209 1 320 438 461]

--- # 417
[13 384 58 347 48 160 548 549]

--- # 418
[260 184 9 55 126 20 469 534]

--- # 419
[33 172 95 44 18 276 530 549]

--- # 420
[11 363 234 384 65 337 487 499 508]

--- # 421
[311 180 313 1 89 41 456 509]

--- # 422
[75 22 191 21 412 89 515]

--- # 423
[413 47 8 48 273 304 464 553]

--- # 424
[260 57 258 7 143 103]

--- # 425
[58 402 248 56 42 196]

--- # 426
[209 382 9 160 234 142]

--- # 427
[49 70 369 2 115 3 567]

--- # 428
[251 322 42 48 17 391 444 457 526 528]

--- # 429
[185 106 53 61 83 249 501 513]

--- # 430
[89 110 24 17 83 142]

--- # 431
[282 115 414 18 186 141 438 499 503]

--- # 432
[294 61 338 235 15 77]

--- # 433
[363 1 19 43 33 222]

--- # 434
[63 390 66 403 54 69 448 474]

--- # 435
[127 382 332 376 10 4]

--- # 436
[4 157 151 26 106 57]

--- # 437
[86 314 50 66 96 14 451]

--- # 438
[273 431 225 73 179 416 449]

--- # 439
[59 5 71 338 17 115 563]

--- # 440
[363 217 298 45 248 56]

--- # 441
[122 92 18 305 145 194 554]

--- # 442
[307 52 14 384 163 106 456 523]

--- # 443
[1 45 15 7 144 44 496 568]

--- # 444
[107 428 57 7 206 164 557]

--- # 445
[368 87 40 29 1 5]

--- # 446
[77 151 20 19 145 7]

--- # 447
[363 378 7 298 232 228 534]

--- # 448
[61 51 434 243 266 214 559]

--- # 449
[199 13 438 74 23 6]

--- # 450
[106 340 248 382 128 15 503 538]

--- # 451
[10 437 74 222 98 348 513 559]

--- # 452
[4 39 113 66 84 209 482 543]

--- # 453
[405 195 1 11 48 326]

--- # 454
[10 335 171 46 124 203]

--- # 455
[292 144 75 16 197 378 561]

--- # 456
[5 442 387 401 421 130 505]

--- # 457
[133 107 63 7 3 428 461]

--- # 458
[20 100 149 263 111 305]

--- # 459
[329 119 20 227 196 374]

--- # 460
[56 324 322 184 304 229]

--- # 461
[26 372 457 17 416 15 530]

--- # 462
[154 8 59 27 158 345 501]

--- # 463
[45 263 7 84 414 142]

--- # 464
[378 3 423 9 276 131 575]

--- # 465
[145 11 269 303 129 415]

--- # 466
[34 116 77 184 194 275 541]

--- # 467
[25 87 122 23 12 26 491]

--- # 468
[362 65 101 256 16 19]

--- # 469
[95 64 418 55 264 40 472]

--- # 470
[23 105 26 59 139 241 506 566]

--- # 471
[65 83 135 189 184 221]

--- # 472
[58 72 106 7 469 112 490]

--- # 473
[12 19 266 193 208 30 514]

--- # 474
[69 1 121 8 434 84]

--- # 475
[11 7 2 347 144 5]

--- # 476
[297 57 55 20 9 288]

--- # 477
[316 337 181 84 5 333 492]

--- # 478
[71 206 361 278 394 307 495 534]

--- # 479
[14 319 17 56 10 140 506]

--- # 480
[7 276 305 44 55 62]

--- # 481
[79 5 218 1 88 171]

--- # 482
[201 5 227 452 365 91 486]

--- # 483
[153 1 297 103 22 58 488]

--- # 484
[135 152 361 122 29 346]

--- # 485
[365 394 40 379 13 59 529 533 540]

--- # 486
[17 232 482 123 55 313]

--- # 487
[5 20 83 61 404 420 493 572]

--- # 488
[483 242 219 89 43 4]

--- # 489
[81 157 40 57 257 19]

--- # 490
[269 142 402 145 472 101]

--- # 491
[213 361 354 467 392 280 520]

--- # 492
[52 334 19 477 376 178]

--- # 493
[56 10 169 487 134 75]

--- # 494
[369 169 88 11 84 61]

--- # 495
[12 306 163 478 169 284]

--- # 496
[293 26 127 443 345 70]

--- # 497
[19 5 69 141 167 2 563 568]

--- # 498
[78 1 226 167 340 128]

--- # 499
[45 293 420 431 202 12]

--- # 500
[44 5 138 115 291 214 526 550 553]

--- # 501
[218 131 206 57 462 429]

--- # 502
[233 151 12 21 19 20]

--- # 503
[450 11 4 7 238 431 530]

--- # 504
[297 9 335 2 305 12 509]

--- # 505
[126 1 456 272 59 142]

--- # 506
[147 85 26 395 479 470]

--- # 507
[33 184 16 341 36 334]

--- # 508
[174 331 341 130 420 91]

--- # 509
[504 230 266 267 83 421]

--- # 510
[37 59 273 276 290 352]

--- # 511
[312 26 93 260 157 51]

--- # 512
[353 73 44 3 9 346]

--- # 513
[451 60 51 429 5 20]

--- # 514
[15 5 248 473 274 95]

--- # 515
[15 379 217 122 11 422]

--- # 516
[41 7 254 63 226 267 550]

--- # 517
[362 79 8 131 57 32 523]

--- # 518
[6 270 288 10 25 234]

--- # 519
[58 406 127 103 53 110]

--- # 520
[246 5 491 395 61 208]

--- # 521
[11 51 56 343 70 367]

--- # 522
[149 112 64 332 244 240]

--- # 523
[86 442 37 517 87 44]

--- # 524
[65 52 301 26 160 389]

--- # 525
[210 73 62 1 98 278]

--- # 526
[500 37 196 134 428 87]

--- # 527
[244 71 78 257 337 3]

--- # 528
[129 50 428 24 57 48]

--- # 529
[184 109 485 192 241 143]

--- # 530
[106 503 419 461 298 354]

--- # 531
[144 404 105 41 39 136]

--- # 532
[60 118 120 247 101 295]

--- # 533
[45 485 1 251 4 63]

--- # 534
[478 25 341 180 418 447]

--- # 535
[23 218 45 30 388 57]

--- # 536
[103 19 288 30 4 119]

--- # 537
[14 111 54 41 404 108 552]

--- # 538
[95 192 450 28 318 1]

--- # 539
[17 13 133 226 388 201]

--- # 540
[485 60 56 3 64 84]

--- # 541
[304 466 346 68 63 65 544]

--- # 542
[345 25 45 3 7 223 546 558]

--- # 543
[452 284 78 2 6 198 566]

--- # 544
[541 143 320 369 109 58]

--- # 545
[69 7 83 254 145 3 558]

--- # 546
[15 275 241 267 542 218]

--- # 547
[78 170 23 11 25 309]

--- # 548
[5 316 30 25 26 417]

--- # 549
[417 419 7 1 122 146]

--- # 550
[338 141 516 500 373 369]

--- # 551
[343 1 5 4 221 174]

--- # 552
[4 17 270 34 537 45]

--- # 553
[72 423 129 500 86 47]

--- # 554
[56 441 382 152 244 242]

--- # 555
[169 253 40 188 54 81]

--- # 556
[106 266 289 345 256 166]

--- # 557
[51 66 29 8 49 444 561]

--- # 558
[542 130 545 3 115 124]

--- # 559
[333 448 209 55 451 7]

--- # 560
[170 357 57 13 122 61]

--- # 561
[557 455 95 171 11 375]

--- # 562
[354 22 41 89 134 19]

--- # 563
[398 218 439 271 497 19]

--- # 564
[172 57 62 32 98 337]

--- # 565
[59 392 50 44 90 298 570]

--- # 566
[470 20 1 543 103 396]

--- # 567
[222 213 347 292 427 58]

--- # 568
[2 497 52 226 320 443]

--- # 569
[37 229 146 171 8 136]

--- # 570
[109 321 242 565 106 13]

--- # 571
[324 383 25 5 164 21]

--- # 572
[487 183 230 58 320 55]

--- # 573
[77 135 74 48 193 44]

--- # 574
[39 57 333 54 103 5]

--- # 575
[464 407 42 277 13 379]

--- # Corners
[Corners 570 571 572 573 574 575]