0	9033.64137016	0.000314123249916
1	9033.12786283	0.000314079220018
2	9033.12786283	0.000314079220018
3	9030.6143555	0.000313947204353
4	9030.6143555	0.000313947204353
5	9027.71066714	0.000313897876246
6	9028.00453652	0.000313875185957
7	9027.71066714	0.000313897876246
8	9022.80697879	0.000313760670083
9	9021.73086926	0.000313741823435
10	9022.80697879	0.000313760670083
11	9018.18377711	0.000313714327864
12	9019.52649211	0.000313680470279
13	9019.52649211	0.000313680470279
14	9018.18377711	0.000313714327864
15	9011.56057544	0.000313580206867
16	9011.04162828	0.000313549575871
17	9011.04162828	0.000313549575871
18	9011.56057544	0.000313580206867
19	9005.76668933	0.000313540076302
20	9007.73125987	0.000313496865723
21	9002.86713287	0.000313482032237
22	9007.73125987	0.000313496865723
23	9005.76668933	0.000313540076302
24	8997.97280322	0.00031341225757
25	8997.59157588	0.000313371454669
26	8990.32899819	0.000313357581535
27	8997.59157588	0.000313371454669
28	8997.97280322	0.00031341225757
29	8991.50587549	0.000313379872992
30	8993.64584485	0.000313327455163
31	8988.39762294	0.000313300666056
32	8988.39762294	0.000313300666056
33	8993.64584485	0.000313327455163
34	8991.50587549	0.000313379872992
35	8983.03894776	0.000313259881935
36	8982.37315543	0.000313209274596
37	8974.27229474	0.000313183577894
38	8974.27229474	0.000313183577894
39	8982.37315543	0.000313209274596
40	8983.03894776	0.000313259881935
41	8976.36098143	0.000313236078165
42	8978.24998635	0.000313174308865
43	8972.22363511	0.00031313666475
44	8959.19562618	0.000313124002943
45	8972.22363511	0.00031313666475
46	8978.24998635	0.000313174308865
47	8976.36098143	0.000313236078165
48	8967.68301511	0.000313124740429
49	8966.33785585	0.00031306437327
50	8957.02545515	0.000313027738312
51	8940.63606562	0.000313015447291
52	8957.02545515	0.000313027738312
53	8966.33785585	0.00031306437327
54	8967.68301511	0.000313124740429
55	8961.22058364	0.000313110014751
56	8962.46748025	0.00031303872626
57	8955.29610096	0.000312990672658
58	8940.55662939	0.000312966459267
59	8940.55662939	0.000312966459267
60	8955.29610096	0.000312990672658
61	8962.46748025	0.00031303872626
62	8961.22058364	0.000313110014751
63	8952.75815217	0.000313007818246
64	8950.38156979	0.000312937651655
65	8939.52499187	0.00031289048518
66	8921.00836739	0.000312866766967
67	8921.00836739	0.000312866766967
68	8939.52499187	0.00031289048518
69	8950.38156979	0.000312937651655
70	8952.75815217	0.000313007818246
71	8946.89721018	0.000313002485599
72	8947.15666269	0.000312921537746
73	8938.52056644	0.000312863263512
74	8921.75830821	0.000312828084485
75	8897.71016458	0.000312816318459
76	8921.75830821	0.000312828084485
77	8938.52056644	0.000312863263512
78	8947.15666269	0.000312921537746
79	8946.89721018	0.000313002485599
80	8939.03626819	0.000312909735741
81	8935.33026611	0.00031282971522
82	8922.65513765	0.000312772216658
83	8901.74156537	0.000312737558775
84	8873.40190841	0.000312725977058
85	8901.74156537	0.000312737558775
86	8922.65513765	0.000312772216658
87	8935.33026611	0.00031282971522
88	8939.03626819	0.000312909735741
89	8934.1148772	0.00031291400351
90	8933.0967172	0.00031282328907
91	8922.73741844	0.000312754877974
92	8903.70742806	0.000312709058981
93	8876.75895983	0.00031268607808
94	8876.75895983	0.00031268607808
95	8903.70742806	0.000312709058981
96	8922.73741844	0.000312754877974
97	8933.0967172	0.00031282328907
98	8934.1148772	0.00031291400351
99	8927.19348621	0.000312830898054
100	8921.92361729	0.00031274097564
101	8907.22685156	0.000312673251334
102	8883.72558117	0.000312627943943
103	8852.13340572	0.00031260523737
104	8852.13340572	0.00031260523737
105	8883.72558117	0.000312627943943
106	8907.22685156	0.000312673251334
107	8921.92361729	0.00031274097564
108	8927.19348621	0.000312830898054
109	8923.49399701	0.000312844905232
110	8920.97158441	0.000312744346297
111	8908.70255027	0.000312665839487
112	8887.24058598	0.000312609574622
113	8857.22872948	0.000312575729655
114	8819.41252785	0.00031256443245
115	8857.22872948	0.000312575729655
116	8887.24058598	0.000312609574622
117	8908.70255027	0.000312665839487
118	8920.97158441	0.000312744346297
119	8923.49399701	0.000312844905232
120	8917.79450782	0.000312771573461
121	8910.79764972	0.000312671714459
122	8893.95718196	0.000312593829435
123	8867.7693252	0.000312538058354
124	8832.82720155	0.000312504532457
125	8789.83613957	0.000312493345755
126	8832.82720155	0.000312504532457
127	8867.7693252	0.000312538058354
128	8893.95718196	0.000312593829435
129	8910.79764972	0.000312671714459
130	8917.79450782	0.000312771573461
131	8915.53617479	0.00031279541229
132	8911.35335165	0.0003126849561
133	8897.06801311	0.00031259638009
134	8873.10098251	0.000312529796749
135	8839.96640711	0.000312485323719
136	8798.28646806	0.0003124630592
137	8798.28646806	0.0003124630592
138	8839.96640711	0.000312485323719
139	8873.10098251	0.000312529796749
140	8897.06801311	0.00031259638009
141	8911.35335165	0.0003126849561
142	8915.53617479	0.00031279541229
143	8911.27784176	0.000312731936688
144	8902.46789742	0.000312622121976
145	8883.44920763	0.000312534125414
146	8854.57644037	0.000312468022001
147	8816.30269457	0.00031242389351
148	8769.19606307	0.000312401809349
149	8769.19606307	0.000312401809349
150	8816.30269457	0.00031242389351
151	8854.57644037	0.000312468022001
152	8883.44920763	0.000312534125414
153	8902.46789742	0.000312622121976
154	8911.27784176	0.000312731936688
155	8910.61060415	0.000312765664881
156	8904.68674633	0.000312645281005
157	8888.36359426	0.000312546661579
158	8861.91601553	0.00031246985498
159	8825.71232306	0.000312414925365
160	8780.22935354	0.0003123819363
161	8726.07236761	0.000312370934269
162	8780.22935354	0.0003123819363
163	8825.71232306	0.000312414925365
164	8861.91601553	0.00031246985498
165	8888.36359426	0.000312546661579
166	8904.68674633	0.000312645281005
167	8910.61060415	0.000312765664881
168	8907.94336655	0.000312712093369
169	8897.31449982	0.000312592320801
170	8876.17367774	0.000312494259979
171	8844.72239859	0.000312417929353
172	8803.25783425	0.000312363364656
173	8752.18930297	0.000312330605445
174	8692.06053206	0.000312319681954
175	8752.18930297	0.000312330605445
176	8803.25783425	0.000312363364656
177	8844.72239859	0.000312417929353
178	8876.17367774	0.000312494259979
179	8897.31449982	0.000312592320801
180	8907.94336655	0.000312712093369
181	8908.94336655	0.000312755740766
182	8901.27612894	0.000312625419995
183	8882.98062419	0.000312516790327
184	8854.17681478	0.000312429843332
185	8815.07436547	0.000312364594421
186	8765.98681423	0.000312321071245
187	8707.35174115	0.000312299301275
188	8707.35174115	0.000312299301275
189	8765.98681423	0.000312321071245
190	8815.07436547	0.000312364594421
191	8854.17681478	0.000312429843332
192	8882.98062419	0.000312516790327
193	8901.27612894	0.000312625419995
194	8908.94336655	0.000312755740766
195	8907.94336655	0.000312712093369
196	8895.57052046	0.000312582379688
197	8872.45369501	0.000312474308971
198	8838.634368	0.000312387847325
199	8794.24286355	0.00031232298681
200	8739.51330547	0.000312279735106
201	8674.80538842	0.000312258104851
202	8674.80538842	0.000312258104851
203	8739.51330547	0.000312279735106
204	8794.24286355	0.00031232298681
205	8838.634368	0.000312387847325
206	8872.45369501	0.000312474308971
207	8895.57052046	0.000312582379688
208	8907.94336655	0.000312712093369
209	8910.61060415	0.000312765664881
210	8901.27612894	0.000312625419995
211	8881.15930349	0.000312506826716
212	8850.22115734	0.000312409822609
213	8808.50513187	0.000312334376843
214	8756.14909333	0.00031228048102
215	8693.40400885	0.000312248138931
216	8620.66041525	0.000312237357234
217	8693.40400885	0.000312248138931
218	8756.14909333	0.00031228048102
219	8808.50513187	0.000312334376843
220	8850.22115734	0.000312409822609
221	8881.15930349	0.000312506826716
222	8901.27612894	0.000312625419995
223	8910.61060415	0.000312765664881
224	8911.27784176	0.000312731936688
225	8897.31449982	0.000312592320801
226	8872.45369501	0.000312474308971
227	8836.57540902	0.000312377815604
228	8789.63816406	0.000312302790032
229	8731.69111096	0.000312249207321
230	8662.89333267	0.000312217058534
231	8583.54192258	0.000312206342205
232	8662.89333267	0.000312217058534
233	8731.69111096	0.000312249207321
234	8789.63816406	0.000312302790032
235	8836.57540902	0.000312377815604
236	8872.45369501	0.000312474308971
237	8897.31449982	0.000312592320801
238	8911.27784176	0.000312731936688
239	8915.53617479	0.00031279541229
240	8904.68674633	0.000312645281005
241	8882.98062419	0.000312516790327
242	8850.22115734	0.000312409822609
243	8806.28391238	0.000312324301113
244	8751.12544792	0.000312260181386
245	8684.79879162	0.000312217441468
246	8607.47719752	0.00031219607271
247	8607.47719752	0.00031219607271
248	8684.79879162	0.000312217441468
249	8751.12544792	0.000312260181386
250	8806.28391238	0.000312324301113
251	8850.22115734	0.000312409822609
252	8882.98062419	0.000312516790327
253	8904.68674633	0.000312645281005
254	8915.53617479	0.00031279541229
255	8917.79450782	0.000312771573461
256	8902.46789742	0.000312622121976
257	8876.17367774	0.000312494259979
258	8838.634368	0.000312387847325
259	8789.63816406	0.000312302790032
260	8729.04706875	0.000312239030332
261	8656.81193124	0.000312196536209
262	8572.99633732	0.00031217529212
263	8572.99633732	0.00031217529212
264	8656.81193124	0.000312196536209
265	8729.04706875	0.000312239030332
266	8789.63816406	0.000312302790032
267	8838.634368	0.000312387847325
268	8876.17367774	0.000312494259979
269	8902.46789742	0.000312622121976
270	8917.79450782	0.000312771573461
271	8923.49399701	0.000312844905232
272	8911.35335165	0.0003126849561
273	8888.36359426	0.000312546661579
274	8854.17681478	0.000312429843332
275	8808.50513187	0.000312334376843
276	8751.12544792	0.000312260181386
277	8681.89031041	0.000312207208812
278	8600.7466917	0.000312175433166
279	8507.76512275	0.000312164842417
280	8600.7466917	0.000312175433166
281	8681.89031041	0.000312207208812
282	8751.12544792	0.000312260181386
283	8808.50513187	0.000312334376843
284	8854.17681478	0.000312429843332
285	8888.36359426	0.000312546661579
286	8911.35335165	0.0003126849561
287	8923.49399701	0.000312844905232
288	8927.19348621	0.000312830898054
289	8910.79764972	0.000312671714459
290	8883.44920763	0.000312534125414
291	8844.72239859	0.000312417929353
292	8794.24286355	0.00031232298681
293	8731.69111096	0.000312249207321
294	8656.81193124	0.000312196536209
295	8569.43180652	0.000312164943158
296	8469.48715099	0.000312154413561
297	8569.43180652	0.000312164943158
298	8656.81193124	0.000312196536209
299	8731.69111096	0.000312249207321
300	8794.24286355	0.00031232298681
301	8844.72239859	0.000312417929353
302	8883.44920763	0.000312534125414
303	8910.79764972	0.000312671714459
304	8927.19348621	0.000312830898054
305	8934.1148772	0.00031291400351
306	8920.97158441	0.000312744346297
307	8897.06801311	0.00031259638009
308	8861.91601553	0.00031246985498
309	8815.07436547	0.000312364594421
310	8756.14909333	0.00031228048102
311	8684.79879162	0.000312217441468
312	8600.7466917	0.000312175433166
313	8503.80203616	0.000312154433708
314	8503.80203616	0.000312154433708
315	8600.7466917	0.000312175433166
316	8684.79879162	0.000312217441468
317	8756.14909333	0.00031228048102
318	8815.07436547	0.000312364594421
319	8861.91601553	0.00031246985498
320	8897.06801311	0.00031259638009
321	8920.97158441	0.000312744346297
322	8934.1148772	0.00031291400351
323	8939.03626819	0.000312909735741
324	8921.92361729	0.00031274097564
325	8893.95718196	0.000312593829435
326	8854.57644037	0.000312468022001
327	8803.25783425	0.000312363364656
328	8739.51330547	0.000312279735106
329	8662.89333267	0.000312217058534
330	8572.99633732	0.00031217529212
331	8469.48715099	0.000312154413561
332	8469.48715099	0.000312154413561
333	8572.99633732	0.00031217529212
334	8662.89333267	0.000312217058534
335	8739.51330547	0.000312279735106
336	8803.25783425	0.000312363364656
337	8854.57644037	0.000312468022001
338	8893.95718196	0.000312593829435
339	8921.92361729	0.00031274097564
340	8939.03626819	0.000312909735741
341	8946.89721018	0.000313002485599
342	8933.0967172	0.00031282328907
343	8908.70255027	0.000312665839487
344	8873.10098251	0.000312529796749
345	8825.71232306	0.000312414925365
346	8765.98681423	0.000312321071245
347	8693.40400885	0.000312248138931
348	8607.47719752	0.00031219607271
349	8507.76512275	0.000312164842417
350	8503.80203616	0.000312154433708
351	8507.76512275	0.000312164842417
352	8607.47719752	0.00031219607271
353	8693.40400885	0.000312248138931
354	8765.98681423	0.000312321071245
355	8825.71232306	0.000312414925365
356	8873.10098251	0.000312529796749
357	8908.70255027	0.000312665839487
358	8933.0967172	0.00031282328907
359	8946.89721018	0.000313002485599
360	8952.75815217	0.000313007818246
361	8935.33026611	0.00031282971522
362	8907.22685156	0.000312673251334
363	8867.7693252	0.000312538058354
364	8816.30269457	0.00031242389351
365	8752.18930297	0.000312330605445
366	8674.80538842	0.000312258104851
367	8583.54192258	0.000312206342205
368	8572.99633732	0.00031217529212
369	8569.43180652	0.000312164943158
370	8572.99633732	0.00031217529212
371	8583.54192258	0.000312206342205
372	8674.80538842	0.000312258104851
373	8752.18930297	0.000312330605445
374	8816.30269457	0.00031242389351
375	8867.7693252	0.000312538058354
376	8907.22685156	0.000312673251334
377	8935.33026611	0.00031282971522
378	8952.75815217	0.000313007818246
379	8961.22058364	0.000313110014751
380	8947.15666269	0.000312921537746
381	8922.73741844	0.000312754877974
382	8887.24058598	0.000312609574622
383	8839.96640711	0.000312485323719
384	8780.22935354	0.0003123819363
385	8707.35174115	0.000312299301275
386	8620.66041525	0.000312237357234
387	8607.47719752	0.00031219607271
388	8600.7466917	0.000312175433166
389	8600.7466917	0.000312175433166
390	8607.47719752	0.00031219607271
391	8620.66041525	0.000312237357234
392	8707.35174115	0.000312299301275
393	8780.22935354	0.0003123819363
394	8839.96640711	0.000312485323719
395	8887.24058598	0.000312609574622
396	8922.73741844	0.000312754877974
397	8947.15666269	0.000312921537746
398	8961.22058364	0.000313110014751
399	8967.68301511	0.000313124740429
400	8950.38156979	0.000312937651655
401	8922.65513765	0.000312772216658
402	8883.72558117	0.000312627943943
403	8832.82720155	0.000312504532457
404	8769.19606307	0.000312401809349
405	8692.06053206	0.000312319681954
406	8674.80538842	0.000312258104851
407	8662.89333267	0.000312217058534
408	8656.81193124	0.000312196536209
409	8656.81193124	0.000312196536209
410	8662.89333267	0.000312217058534
411	8674.80538842	0.000312258104851
412	8692.06053206	0.000312319681954
413	8769.19606307	0.000312401809349
414	8832.82720155	0.000312504532457
415	8883.72558117	0.000312627943943
416	8922.65513765	0.000312772216658
417	8950.38156979	0.000312937651655
418	8967.68301511	0.000313124740429
419	8976.36098143	0.000313236078165
420	8962.46748025	0.00031303872626
421	8938.52056644	0.000312863263512
422	8903.70742806	0.000312709058981
423	8857.22872948	0.000312575729655
424	8798.28646806	0.0003124630592
425	8726.07236761	0.000312370934269
426	8707.35174115	0.000312299301275
427	8693.40400885	0.000312248138931
428	8684.79879162	0.000312217441468
429	8681.89031041	0.000312207208812
430	8684.79879162	0.000312217441468
431	8693.40400885	0.000312248138931
432	8707.35174115	0.000312299301275
433	8726.07236761	0.000312370934269
434	8798.28646806	0.0003124630592
435	8857.22872948	0.000312575729655
436	8903.70742806	0.000312709058981
437	8938.52056644	0.000312863263512
438	8962.46748025	0.00031303872626
439	8976.36098143	0.000313236078165
440	8983.03894776	0.000313259881935
441	8966.33785585	0.00031306437327
442	8939.52499187	0.00031289048518
443	8901.74156537	0.000312737558775
444	8852.13340572	0.00031260523737
445	8789.83613957	0.000312493345755
446	8769.19606307	0.000312401809349
447	8752.18930297	0.000312330605445
448	8739.51330547	0.000312279735106
449	8731.69111096	0.000312249207321
450	8729.04706875	0.000312239030332
451	8731.69111096	0.000312249207321
452	8739.51330547	0.000312279735106
453	8752.18930297	0.000312330605445
454	8769.19606307	0.000312401809349
455	8789.83613957	0.000312493345755
456	8852.13340572	0.00031260523737
457	8901.74156537	0.000312737558775
458	8939.52499187	0.00031289048518
459	8966.33785585	0.00031306437327
460	8983.03894776	0.000313259881935
461	8991.50587549	0.000313379872992
462	8978.24998635	0.000313174308865
463	8955.29610096	0.000312990672658
464	8921.75830821	0.000312828084485
465	8876.75895983	0.00031268607808
466	8819.41252785	0.00031256443245
467	8798.28646806	0.0003124630592
468	8780.22935354	0.0003123819363
469	8765.98681423	0.000312321071245
470	8756.14909333	0.00031228048102
471	8751.12544792	0.000312260181386
472	8751.12544792	0.000312260181386
473	8756.14909333	0.00031228048102
474	8765.98681423	0.000312321071245
475	8780.22935354	0.0003123819363
476	8798.28646806	0.0003124630592
477	8819.41252785	0.00031256443245
478	8876.75895983	0.00031268607808
479	8921.75830821	0.000312828084485
480	8955.29610096	0.000312990672658
481	8978.24998635	0.000313174308865
482	8991.50587549	0.000313379872992
483	8997.97280322	0.00031341225757
484	8982.37315543	0.000313209274596
485	8957.02545515	0.000313027738312
486	8921.00836739	0.000312866766967
487	8873.40190841	0.000312725977058
488	8852.13340572	0.00031260523737
489	8832.82720155	0.000312504532457
490	8816.30269457	0.00031242389351
491	8803.25783425	0.000312363364656
492	8794.24286355	0.00031232298681
493	8789.63816406	0.000312302790032
494	8789.63816406	0.000312302790032
495	8794.24286355	0.00031232298681
496	8803.25783425	0.000312363364656
497	8816.30269457	0.00031242389351
498	8832.82720155	0.000312504532457
499	8852.13340572	0.00031260523737
500	8873.40190841	0.000312725977058
501	8921.00836739	0.000312866766967
502	8957.02545515	0.000313027738312
503	8982.37315543	0.000313209274596
504	8997.97280322	0.00031341225757
505	9005.76668933	0.000313540076302
506	8993.64584485	0.000313327455163
507	8972.22363511	0.00031313666475
508	8940.55662939	0.000312966459267
509	8897.71016458	0.000312816318459
510	8876.75895983	0.00031268607808
511	8857.22872948	0.000312575729655
512	8839.96640711	0.000312485323719
513	8825.71232306	0.000312414925365
514	8815.07436547	0.000312364594421
515	8808.50513187	0.000312334376843
516	8806.28391238	0.000312324301113
517	8808.50513187	0.000312334376843
518	8815.07436547	0.000312364594421
519	8825.71232306	0.000312414925365
520	8839.96640711	0.000312485323719
521	8857.22872948	0.000312575729655
522	8876.75895983	0.00031268607808
523	8897.71016458	0.000312816318459
524	8940.55662939	0.000312966459267
525	8972.22363511	0.00031313666475
526	8993.64584485	0.000313327455163
527	9005.76668933	0.000313540076302
528	9011.56057544	0.000313580206867
529	8997.59157588	0.000313371454669
530	8974.27229474	0.000313183577894
531	8940.63606562	0.000313015447291
532	8921.00836739	0.000312866766967
533	8901.74156537	0.000312737558775
534	8883.72558117	0.000312627943943
535	8867.7693252	0.000312538058354
536	8854.57644037	0.000312468022001
537	8844.72239859	0.000312417929353
538	8838.634368	0.000312387847325
539	8836.57540902	0.000312377815604
540	8838.634368	0.000312387847325
541	8844.72239859	0.000312417929353
542	8854.57644037	0.000312468022001
543	8867.7693252	0.000312538058354
544	8883.72558117	0.000312627943943
545	8901.74156537	0.000312737558775
546	8921.00836739	0.000312866766967
547	8940.63606562	0.000313015447291
548	8974.27229474	0.000313183577894
549	8997.59157588	0.000313371454669
550	9011.56057544	0.000313580206867
551	9018.18377711	0.000313714327864
552	9007.73125987	0.000313496865723
553	8988.39762294	0.000313300666056
554	8959.19562618	0.000313124002943
555	8940.55662939	0.000312966459267
556	8921.75830821	0.000312828084485
557	8903.70742806	0.000312709058981
558	8887.24058598	0.000312609574622
559	8873.10098251	0.000312529796749
560	8861.91601553	0.00031246985498
561	8854.17681478	0.000312429843332
562	8850.22115734	0.000312409822609
563	8850.22115734	0.000312409822609
564	8854.17681478	0.000312429843332
565	8861.91601553	0.00031246985498
566	8873.10098251	0.000312529796749
567	8887.24058598	0.000312609574622
568	8903.70742806	0.000312709058981
569	8921.75830821	0.000312828084485
570	8940.55662939	0.000312966459267
571	8959.19562618	0.000313124002943
572	8988.39762294	0.000313300666056
573	9007.73125987	0.000313496865723
574	9018.18377711	0.000313714327864
575	9022.80697879	0.000313760670083
576	9011.04162828	0.000313549575871
577	8990.32899819	0.000313357581535
578	8974.27229474	0.000313183577894
579	8957.02545515	0.000313027738312
580	8939.52499187	0.00031289048518
581	8922.65513765	0.000312772216658
582	8907.22685156	0.000312673251334
583	8893.95718196	0.000312593829435
584	8883.44920763	0.000312534125414
585	8876.17367774	0.000312494259979
586	8872.45369501	0.000312474308971
587	8872.45369501	0.000312474308971
588	8876.17367774	0.000312494259979
589	8883.44920763	0.000312534125414
590	8893.95718196	0.000312593829435
591	8907.22685156	0.000312673251334
592	8922.65513765	0.000312772216658
593	8939.52499187	0.00031289048518
594	8957.02545515	0.000313027738312
595	8974.27229474	0.000313183577894
596	8990.32899819	0.000313357581535
597	9011.04162828	0.000313549575871
598	9022.80697879	0.000313760670083
599	9027.71066714	0.000313897876246
600	9019.52649211	0.000313680470279
601	9002.86713287	0.000313482032237
602	8988.39762294	0.000313300666056
603	8972.22363511	0.00031313666475
604	8955.29610096	0.000312990672658
605	8938.52056644	0.000312863263512
606	8922.73741844	0.000312754877974
607	8908.70255027	0.000312665839487
608	8897.06801311	0.00031259638009
609	8888.36359426	0.000312546661579
610	8882.98062419	0.000312516790327
611	8881.15930349	0.000312506826716
612	8882.98062419	0.000312516790327
613	8888.36359426	0.000312546661579
614	8897.06801311	0.00031259638009
615	8908.70255027	0.000312665839487
616	8922.73741844	0.000312754877974
617	8938.52056644	0.000312863263512
618	8955.29610096	0.000312990672658
619	8972.22363511	0.00031313666475
620	8988.39762294	0.000313300666056
621	9002.86713287	0.000313482032237
622	9019.52649211	0.000313680470279
623	9027.71066714	0.000313897876246
624	9030.6143555	0.000313947204353
625	9021.73086926	0.000313741823435
626	9011.04162828	0.000313549575871
627	8997.59157588	0.000313371454669
628	8982.37315543	0.000313209274596
629	8966.33785585	0.00031306437327
630	8950.38156979	0.000312937651655
631	8935.33026611	0.00031282971522
632	8921.92361729	0.00031274097564
633	8910.79764972	0.000312671714459
634	8902.46789742	0.000312622121976
635	8897.31449982	0.000312592320801
636	8895.57052046	0.000312582379688
637	8897.31449982	0.000312592320801
638	8902.46789742	0.000312622121976
639	8910.79764972	0.000312671714459
640	8921.92361729	0.00031274097564
641	8935.33026611	0.00031282971522
642	8950.38156979	0.000312937651655
643	8966.33785585	0.00031306437327
644	8982.37315543	0.000313209274596
645	8997.59157588	0.000313371454669
646	9011.04162828	0.000313549575871
647	9021.73086926	0.000313741823435
648	9030.6143555	0.000313947204353
649	9033.12786283	0.000314079220018
650	9028.00453652	0.000313875185957
651	9019.52649211	0.000313680470279
652	9007.73125987	0.000313496865723
653	8993.64584485	0.000313327455163
654	8978.24998635	0.000313174308865
655	8962.46748025	0.00031303872626
656	8947.15666269	0.000312921537746
657	8933.0967172	0.00031282328907
658	8920.97158441	0.000312744346297
659	8911.35335165	0.0003126849561
660	8904.68674633	0.000312645281005
661	8901.27612894	0.000312625419995
662	8901.27612894	0.000312625419995
663	8904.68674633	0.000312645281005
664	8911.35335165	0.0003126849561
665	8920.97158441	0.000312744346297
666	8933.0967172	0.00031282328907
667	8947.15666269	0.000312921537746
668	8962.46748025	0.00031303872626
669	8978.24998635	0.000313174308865
670	8993.64584485	0.000313327455163
671	9007.73125987	0.000313496865723
672	9019.52649211	0.000313680470279
673	9028.00453652	0.000313875185957
674	9033.12786283	0.000314079220018
675	9033.64137016	0.000314123249916
676	9030.6143555	0.000313947204353
677	9022.80697879	0.000313760670083
678	9011.56057544	0.000313580206867
679	8997.97280322	0.00031341225757
680	8983.03894776	0.000313259881935
681	8967.68301511	0.000313124740429
682	8952.75815217	0.000313007818246
683	8939.03626819	0.000312909735741
684	8927.19348621	0.000312830898054
685	8917.79450782	0.000312771573461
686	8911.27784176	0.000312731936688
687	8907.94336655	0.000312712093369
688	8907.94336655	0.000312712093369
689	8911.27784176	0.000312731936688
690	8917.79450782	0.000312771573461
691	8927.19348621	0.000312830898054
692	8939.03626819	0.000312909735741
693	8952.75815217	0.000313007818246
694	8967.68301511	0.000313124740429
695	8983.03894776	0.000313259881935
696	8997.97280322	0.00031341225757
697	9011.56057544	0.000313580206867
698	9022.80697879	0.000313760670083
699	9030.6143555	0.000313947204353
700	9033.64137016	0.000314123249916
701	9033.12786283	0.000314079220018
702	9027.71066714	0.000313897876246
703	9018.18377711	0.000313714327864
704	9005.76668933	0.000313540076302
705	8991.50587549	0.000313379872992
706	8976.36098143	0.000313236078165
707	8961.22058364	0.000313110014751
708	8946.89721018	0.000313002485599
709	8934.1148772	0.00031291400351
710	8923.49399701	0.000312844905232
711	8915.53617479	0.00031279541229
712	8910.61060415	0.000312765664881
713	8908.94336655	0.000312755740766
714	8910.61060415	0.000312765664881
715	8915.53617479	0.00031279541229
716	8923.49399701	0.000312844905232
717	8934.1148772	0.00031291400351
718	8946.89721018	0.000313002485599
719	8961.22058364	0.000313110014751
720	8976.36098143	0.000313236078165
721	8991.50587549	0.000313379872992
722	9005.76668933	0.000313540076302
723	9018.18377711	0.000313714327864
724	9027.71066714	0.000313897876246
725	9033.12786283	0.000314079220018
