True
0	603.79804941	0.00268511187015
1	603.486996571	0.00268193251131
2	596.221136038	0.00268203780424
3	604.352088649	0.00268585372026
4	604.295218369	0.00268245590286
5	598.643824302	0.00268287651652
6	603.061109767	0.00268317190227
7	603.11261232	0.00268239945857
8	603.836064201	0.0026821847084
9	601.033282064	0.00268294703222
10	605.068214009	0.00268542989808
11	600.567008181	0.00268938784522
12	595.242209414	0.00268309131357
13	598.99895591	0.00268412123832
14	602.588725171	0.00268484319961
15	601.460784475	0.0026853424531
16	604.340789234	0.0026861639075
17	604.139855807	0.00268779529664
18	598.769682456	0.00268679757205
19	605.241924551	0.00268700833673
20	603.364117814	0.00268507520214
21	599.741046593	0.00268364226042
22	603.617922855	0.00268729066553
23	603.55374342	0.00268542171893
24	602.502677059	0.00268487590077
25	603.793583545	0.00268643726352
26	605.047452378	0.00268899855154
27	602.939844522	0.00268598068988
28	602.904713558	0.00268596199785
29	603.702753525	0.00268766118949
30	594.432206606	0.0026877048378
31	601.458501567	0.00268641131342
32	602.775823986	0.00268486006191
33	604.592643381	0.00268485020555
34	604.599121758	0.00268775747171
35	596.8886487	0.00268825262833
36	604.162650287	0.00269072247972
37	604.023510153	0.00268660007871
38	604.315336889	0.00268545295413
39	595.851775854	0.00268933869746
40	597.51316953	0.00268673973036
41	601.270836339	0.00268871542695
42	605.65488329	0.00268724388575
43	604.418993234	0.00268801429104
44	594.734900459	0.00268887270621
45	601.733296872	0.00268531746076
46	603.877465192	0.00268911165289
47	601.389555353	0.00268893957781
48	605.142287883	0.00268995738148
49	603.149632011	0.00268730549737
50	605.102105963	0.00268563014364
51	603.301595656	0.00269093401928
52	601.025154454	0.00269020683087
53	603.167910779	0.00268912811479
54	602.337873405	0.00268859190981
55	590.206682498	0.00268989133544
56	604.217297555	0.00268836731735
57	603.430446245	0.00268885638148
58	601.771083923	0.00269049603955
59	603.086110157	0.00268959569195
60	605.074484767	0.00268758445858
61	588.515675238	0.0026872923052
62	599.735386393	0.00268710042143
63	603.416163141	0.00268864904159
64	602.379087677	0.0026915930217
65	604.46691749	0.00269153848053
66	591.000814257	0.00269134232917
67	599.830635042	0.00269350286803
68	601.797777733	0.00268727895961
69	601.724334417	0.00268788608244
70	599.356900879	0.00269281263923
71	601.50317198	0.00268894629521
72	602.997570017	0.00269065945058
73	604.366978582	0.00268954576657
74	600.30318129	0.0026912193241
75	600.442409586	0.00269214903097
76	595.364578305	0.00269091474052
77	605.343875045	0.00268967796467
78	603.556636882	0.00269109008907
79	596.203918619	0.00268969435494
80	603.997594939	0.00269123533582
81	603.240345688	0.00269053780463
82	598.993322638	0.00268929777234
83	604.63588729	0.00269294588449
84	604.762806076	0.00268995885995
85	601.298841906	0.00268958665044
86	602.901200631	0.00269032487171
87	605.865383471	0.002689881282
88	605.381994974	0.00268875692271
89	605.075689158	0.00269040263851
90	604.207402377	0.00269027093107
91	597.37185026	0.00269008559799
92	602.522836849	0.00268942399767
93	603.564986885	0.00269273693359
94	590.945764236	0.00269073330097
95	604.423958337	0.00268813526966
96	604.835709338	0.00268967374578
97	605.390308419	0.00269309912434
98	591.358460309	0.00268954387398
99	604.661246103	0.00269164855607
100	603.645694662	0.00268834738163
101	603.422757235	0.00269511958626
102	605.310410266	0.00269082861792
103	593.600285626	0.00269150047657
104	605.468192637	0.00269384448874
105	600.064126237	0.00269349970558
106	604.715466297	0.00269075305184
107	602.364415929	0.00269468276323
108	604.130874632	0.00269134023409
109	602.667556057	0.00269545053536
110	602.935869361	0.00268923347333
111	603.124973566	0.00269286934864
112	603.503172267	0.0026918643422
113	603.573416197	0.00269042521137
114	601.928809532	0.00268935401745
115	600.882102414	0.00268962379832
116	600.581585088	0.00269578304946
117	599.081793334	0.00269426581905
118	605.065064606	0.00269476767259
119	591.871522517	0.00269189559862
120	605.626051648	0.00269325666666
121	603.403095637	0.00269071754813
122	601.961276232	0.00269345808688
123	604.535491236	0.00269260850526
124	605.553715166	0.00269548306452
125	604.642408359	0.00269119614008
126	604.582626212	0.00269104574254
127	604.55267488	0.0026892410819
128	600.622434469	0.00269369006149
129	603.916684362	0.00269074079687
130	604.826844433	0.00269634010365
131	601.323375362	0.0026913064635
132	605.091439986	0.00269269466571
133	596.265035264	0.00270064816494
134	601.88693848	0.00269293226215
135	604.1143912	0.00269372461697
136	605.615563885	0.00269045015315
137	602.942666662	0.00269533896576
138	603.653101753	0.00269440277485
139	605.57929537	0.00269451167635
140	600.636816785	0.0026948997037
141	604.427011039	0.00269310971747
142	603.35573818	0.0026933282001
143	605.508375581	0.002694054032
144	605.95410869	0.00269889781256
145	602.784295152	0.00269419731631
146	595.524953157	0.00269609497355
147	603.264115101	0.00269204206391
148	592.071455725	0.00269292202491
149	602.909481407	0.00269124634946
150	603.817653648	0.00269027431989
151	605.399840173	0.00269155593795
152	604.740076606	0.0026923962651
153	589.104913485	0.00269482609361
154	602.899132206	0.00269548410567
155	591.862821875	0.00269317869862
156	595.663930636	0.00269888027929
157	605.204675121	0.00269585644525
158	603.293423828	0.00269045253861
159	603.780290131	0.0026921226051
160	601.120429233	0.00269255915084
161	605.842526807	0.00269433733709
162	605.227738883	0.00269562901535
163	604.88360848	0.00269730326288
164	602.598691856	0.00269227975313
165	604.688235493	0.0026957313919
166	601.205381488	0.00269301679593
167	604.885252133	0.00269539990288
168	602.236732673	0.00269230809759
169	605.989955181	0.00269207328138
170	599.301108661	0.00269042465156
171	605.201093973	0.00269556588362
172	603.188209448	0.00269149088262
173	598.336606052	0.00269538001982
174	604.959900625	0.00269241075686
175	597.571163713	0.00269546582901
176	600.242680251	0.00269219293141
177	588.419040165	0.00269586059878
178	605.11162994	0.00269157198787
179	604.591931219	0.00269490757937
180	605.650424473	0.00269747665091
181	604.581782679	0.00269891118598
182	605.989199229	0.00269686704396
183	589.632895274	0.00269428621041
184	605.796604739	0.0026993127802
185	603.235256893	0.00269622743209
186	595.063838708	0.00269439298996
187	602.726557399	0.0026948670982
188	602.971406738	0.00269593665284
189	592.258571497	0.00269744020014
190	604.788645841	0.00269363100792
191	591.926951068	0.00269617645523
192	604.282205635	0.00269890068021
193	603.578516155	0.00269200312759
194	603.263403701	0.00269141449534
195	604.795627762	0.00269446319888
196	602.800596105	0.00269636826984
197	604.585526148	0.00269484192441
198	589.094753195	0.00269150007538
199	597.702355817	0.0026964097334
200	604.27647478	0.00269467676605
201	601.571236666	0.00269498047083
202	605.625195475	0.00269396430111
203	603.962739383	0.00269319292827
204	603.541736136	0.00269724021395
205	604.907952872	0.00269555113554
206	600.75565777	0.00269241481873
207	605.121996314	0.00269217480509
208	595.723655782	0.00269436326676
209	599.959364965	0.00269767175056
210	602.963136362	0.00269682752283
211	602.945291813	0.00269315273605
212	589.31111283	0.00269845356855
213	605.935559976	0.00269513208568
214	604.067254738	0.00269624747281
215	605.074759228	0.002700227272
216	605.602264168	0.00269822212697
217	591.266368065	0.00269997918238
218	606.154892	0.00269605806672
219	604.561830744	0.00269760199695
220	605.079385286	0.00269409606818
221	605.083883538	0.00269477431571
222	605.910548963	0.00269385076483
223	604.565074459	0.00269051638114
224	605.26737673	0.00269488085673
