[[ 1569.51131704  1570.45480774  1569.04168891  1555.17307578
   1569.51150263  1567.77390467  1567.59796907  1570.66767437
   1569.20960882  1571.18129108  1572.67026167  1571.5535572   1569.35161991
   1565.94905979  1567.57862263  1572.73683856  1567.76320417
   1572.45371998  1570.65934182  1569.58338951  1571.43047198
   1573.06455548  1570.06897665  1571.13556579  1572.26173539
   1567.95480997  1569.8562698   1569.89925166  1566.11034421
   1572.13574865  1571.9030252   1570.77697378  1571.58361153
   1566.78150623  1566.59762004  1570.29659096  1573.159562    1572.32231313
   1569.60288166  1572.50183615  1572.08500455  1573.04290163
   1571.63082775  1572.50572234  1572.74206183  1572.1408006   1529.93335654
   1571.283       1572.54559873  1570.28740389  1566.8573624   1570.4821444
   1570.15716217  1571.92178234  1568.59244292  1571.98139485
   1562.38595979  1567.12224139  1572.89993121  1566.83580475
   1566.39767597  1564.74704327  1571.2479431   1572.3364232   1571.68090071
   1570.08678817  1572.13125091  1572.70181106  1565.7919658   1570.19014945
   1570.85226491  1562.97283222  1566.75398196  1570.2708943   1572.07510993
   1570.66645772  1571.5445779   1569.53500013  1563.74225079
   1561.02345844  1566.09505633  1573.05582435  1564.56596256
   1567.69037762  1570.82196012  1570.48313508  1566.65317986
   1573.45218033  1573.07750044  1573.94777183  1571.83787869
   1567.26703529  1571.62758682  1567.74168524  1573.09488954
   1565.69650996  1567.17538837  1571.35023016  1568.78829356
   1571.96237335  1570.62217306  1562.98648869  1573.367687    1571.6895528
   1571.13934001  1566.05839618  1571.46647082  1568.50101837
   1570.25564069  1563.260461    1572.67502841  1566.87625707
   1572.01865904  1572.43928407  1569.7275006   1568.84258353
   1573.36401538  1572.14937113  1568.05424774  1571.72424847
   1571.32649409  1573.80902872  1571.16261684  1570.8460468   1570.98025111
   1569.1274196   1567.18756304  1571.37008161  1568.0542534   1571.54256277
   1572.27496223  1572.97181951  1572.77557044  1567.39113562
   1569.73823559  1564.5350106   1568.74350392  1568.87433737
   1572.35948025  1570.59570135  1571.68177202  1572.61759968
   1571.86345345  1570.46966056  1571.62938771  1572.4028846   1571.45663135
   1567.4838759   1572.87261014  1567.35107213  1571.72225277  1572.8844774
   1568.98438623  1565.23358326  1571.44574496  1566.26138746
   1572.51846503  1572.03292944  1573.05519195  1571.33831949
   1567.53569605  1571.33263922  1571.94280935  1571.84232249
   1570.38646867  1572.59232593  1571.01233881  1573.50799456
   1574.65296629  1546.18450617  1570.89890756  1571.10605565
   1565.79733458  1570.72639002  1567.79675733  1573.12500821
   1573.04473954  1567.50008237  1572.59488142  1564.42779166
   1570.33102473  1573.25598209  1570.39664502  1570.62733236
   1567.98214608  1571.48223684  1569.90536514  1572.54477512
   1570.56333292  1570.48188797  1560.37959907  1573.03216504
   1567.84620971  1568.06634788  1570.80599587  1573.07619263
   1570.99926673  1571.04961518  1571.86657826  1571.53385956
   1571.91330559  1573.52510384  1571.75237802  1571.5403597   1573.53334048
   1569.72620004  1561.72271988  1559.03513856  1571.70390792
   1570.11746337  1572.41792795  1573.63901235  1573.16919735
   1571.79290472  1572.60894949  1570.86306799  1572.13999785
   1570.06417876  1571.06376029  1572.76768808  1572.05260859
   1571.31104075  1574.36012098  1570.7357076   1567.30723124
   1571.78677978  1567.23565224  1568.45483851  1572.22442944
   1571.32156844  1568.34248057  1573.17910392  1571.3644185   1569.77056596
   1567.54362187  1571.02916647  1570.71061435  1572.09445662
   1571.08210804  1566.4090761   1542.01004939  1567.99915391
   1573.71709896  1565.1259076   1569.21557058  1567.56986277
   1572.43519589  1570.04500726  1572.96749811  1572.03324435
   1563.06341101  1569.12067177  1571.88387166  1569.62595007
   1571.44360027  1571.51044405  1571.47759373  1568.76760041
   1569.05487292  1572.73946593  1572.13653097  1565.64386799
   1574.21101381  1571.15194315  1573.41042839  1572.09000601
   1570.76464885  1572.3655623   1574.07979711  1573.14967878
   1572.22715772  1566.03362764  1569.84483442  1571.53371368
   1572.13864362  1574.76769278  1573.72645459  1570.38216034
   1562.01220102  1571.53830656  1571.55108941  1569.89633831
   1569.65942276  1569.55922203  1571.84631945  1572.09627317
   1572.07060016  1570.91037059  1572.33053688  1571.20231528
   1571.65147045  1569.45570372  1565.57990593  1570.96011209  1570.7023384
   1571.10333661  1566.31649337  1572.16362072  1571.53621893
   1570.51758528  1571.74792722  1574.30437081  1572.97229357
   1570.77247657  1567.59775484  1573.14800982  1573.02641733
   1572.20233502  1572.49354419  1572.78708938  1567.10618195
   1564.07875715  1568.0491537   1569.3971278   1564.52567755
   1573.40879283  1570.92459535  1572.11327178  1570.29457468
   1564.46435836  1570.75689367  1571.86248194  1567.67837634
   1567.34509175  1572.55818539  1573.24529019  1552.53985917
   1568.62898426  1572.99065061  1566.46870137  1574.72627841
   1570.11569183  1572.5844912   1572.67264552  1573.5008757   1573.36529752
   1571.95033855  1567.97112904  1569.19024347  1571.93606261
   1572.32069232  1572.64484593  1565.23373428  1572.77139164
   1572.74718965  1572.47646873  1573.86703505  1572.42981977
   1571.06192476  1571.63770998  1573.31741486  1568.25630329  1573.2377852
   1570.91924933  1570.11827555  1574.09328846  1567.43696279
   1572.78622953  1571.75756563  1571.31989925  1572.95542065
   1574.16422023  1572.59599766  1573.10680326  1568.17479213
   1573.02423046  1570.6034469   1573.66529635  1570.66173119
   1570.58942897  1570.97189222  1572.33246044  1571.83858288
   1565.38953728  1574.65638191  1566.84779734  1572.37817465
   1570.67667449  1573.08637739  1569.14308175  1573.64642592
   1571.49181932  1572.54076181  1571.68077364  1570.15792392  1568.8053495
   1571.25202267  1569.88559192  1570.72207631  1565.86272298
   1567.91913213  1569.21709939  1572.11599793  1572.15936007
   1572.57651252  1572.66127751  1560.47114634  1570.09866187
   1568.57538689  1572.43602893  1567.62272038  1571.93526448
   1569.74929274  1570.98695805  1568.46436779  1571.1377868   1567.56324322
   1569.66376524  1572.65594501  1571.90408526  1563.9252222   1572.96090372
   1561.72467143  1572.84061497  1571.95905048  1566.73163447
   1572.20579687  1572.22309952  1572.014423    1573.29386866
   1570.57865707  1570.69432773  1570.40791216  1571.21606939
   1574.64887458  1571.72136955  1573.56554438  1570.5556766   1572.49846648
   1569.96596096  1573.42485993  1573.32519685  1573.05464611
   1573.12849838  1572.37623349  1570.79670452  1573.36018657
   1571.39799515  1565.27810356  1565.61357124  1572.16122852
   1573.26920291  1573.25436772  1571.23143824  1571.05772371
   1573.91463694  1569.2872361   1567.32842934  1573.93005568
   1568.84415012  1572.25029526  1568.578048    1573.2462732   1570.79939059
   1565.15183778  1566.06296559  1570.35826938  1571.27985448  1570.1057323
   1572.51433922  1572.59164305  1572.66282814  1571.47328037
   1566.75257121  1572.51910447  1568.38404602  1566.20556271
   1565.98860507  1566.31168354  1567.44045975  1572.94088383
   1570.49688296  1571.22627251  1570.63627027  1570.71719777
   1566.43558231  1574.3527539   1571.91362435  1573.32476015
   1562.22547393  1571.73415793  1573.35667897  1568.28814249
   1571.67000374  1572.63334608  1572.92136649  1571.4812511   1566.51716536
   1571.43807385  1571.25821665  1573.32654933  1571.82984387
   1571.57271662  1573.10584655  1570.57041889  1571.58408853
   1574.51365118  1570.0818321   1570.38760732  1571.75607005  1571.8412334
   1573.5792905   1567.95915184  1565.34144985  1569.98874914
   1572.92937598  1571.75653345  1571.83662411  1570.66937809
   1567.08254226  1568.09286303  1569.45974109  1572.0312325   1569.9336915
   1570.91824269  1573.38800102  1574.70078958  1571.21558487
   1572.49720378  1574.26848147  1572.88475301  1569.21243847
   1572.90074377  1571.5013726   1569.45722793  1567.67981927
   1568.27885543  1572.43706713  1566.16233141  1572.81608965
   1566.20876507  1567.99444147  1571.73545617  1571.44848047
   1573.05869731  1570.97363469  1573.22784507  1571.94209334
   1570.84982781  1572.09940463  1571.4822784   1571.60847266
   1567.96764088  1537.25485329  1571.36241814  1571.57922416  1571.5090032
   1570.97843035  1553.62930984  1571.94795231  1572.44541251
   1574.08747117  1571.22866726  1570.9527164   1570.24313362
   1571.69100306  1573.72159979  1572.45541924  1572.97057139
   1571.94496058  1570.39825215  1572.36192542  1570.14186314
   1573.78928853  1568.04678929  1571.81149542  1573.29764316
   1561.97821538  1565.94305197  1571.36511594  1566.45870406
   1572.69091777  1573.2975163   1572.51479202  1566.83750432
   1557.43345132]]
1574.76769278
1529.93335654

Random walk Closeness centrality
[[ 0.00102072  0.00102071  0.0010207   0.00102145  0.00102077  0.00102078
   0.00102077  0.00102073  0.00102145  0.00102078  0.0010209   0.00102078
   0.00102079  0.00102082  0.00102092  0.00102105  0.00102069  0.00102161
   0.00102084  0.00102115  0.00102108  0.00102114  0.00102098  0.00102146
   0.00102108  0.00102108  0.00102123  0.00102124  0.00102102  0.00102121
   0.00102126  0.00102112  0.00102105  0.00102139  0.00102099  0.00102131
   0.00102122  0.00102138  0.00102118  0.00102148  0.00102108  0.00102115
   0.00102152  0.00102131  0.00102167  0.00102116  0.00102169  0.00102169
   0.00102125  0.0010218   0.00102126  0.00102114  0.00102113  0.00102162
   0.00102109  0.00102136  0.0010217   0.00102136  0.00102182  0.00102113
   0.00102157  0.00102134  0.00102135  0.00102207  0.00102157  0.0010215
   0.00102136  0.0010213   0.00102139  0.00102132  0.00102208  0.00102119
   0.00102139  0.00102136  0.00102202  0.0010216   0.0010213   0.00102166
   0.0010213   0.00102187  0.00102165  0.00102125  0.00102115  0.00102134
   0.00102137  0.0010218   0.00102158  0.00102155  0.00102155  0.00102174
   0.00102203  0.0010212   0.00102137  0.00102165  0.00102149  0.00102159
   0.0010213   0.00102153  0.00102159  0.00102151  0.00102115  0.00102215
   0.00102204  0.0010215   0.0010216   0.00102166  0.00102175  0.00102157
   0.00102184  0.00102175  0.00102244  0.00102219  0.00102148  0.00102138
   0.00102167  0.00102218  0.00102184  0.00102145  0.00102212  0.00102152
   0.00102176  0.00102206  0.00102152  0.00102168  0.00102222  0.00102205
   0.00102151  0.0010214   0.00102145  0.00102162  0.0010217   0.00102227
   0.00102138  0.00102175  0.00102239  0.00102201  0.00102161  0.00102136
   0.00102225  0.0010221   0.00102141  0.00102197  0.00102178  0.00102148
   0.00102153  0.00102138  0.0010218   0.00102188  0.00102186  0.00102151
   0.0010218   0.00102153  0.00102172  0.0010221   0.00102165  0.00102156
   0.00102164  0.00102129  0.00102179  0.001022    0.00102214  0.00102164
   0.00102271  0.00102155  0.00102197  0.00102192  0.00102209  0.00102171
   0.00102224  0.00102259  0.00102155  0.00102233  0.00102177  0.00102233
   0.00102191  0.00102151  0.00102199  0.00102191  0.00102159  0.00102218
   0.00102196  0.00102239  0.00102153  0.00102222  0.00102187  0.00102173
   0.00102194  0.00102173  0.00102285  0.00102212  0.00102187  0.0010224
   0.00102191  0.00102202  0.00102222  0.00102222  0.00102222  0.00102182
   0.00102226  0.00102173  0.00102137  0.00102176  0.00102202  0.00102195
   0.00102219  0.00102189  0.00102242  0.00102215  0.00102188  0.00102146
   0.00102195  0.00102223  0.00102197  0.00102231  0.00102166  0.00102182
   0.00102179  0.0010218   0.00102188  0.00102238  0.00102148  0.00102229
   0.00102232  0.0010222   0.00102171  0.00102241  0.00102219  0.00102241
   0.00102169  0.00102245  0.00102231  0.0010225   0.00102203  0.0010223
   0.00102248  0.0010222   0.00102193  0.00102192  0.00102195  0.0010224
   0.00102259  0.00102188  0.001022    0.00102217  0.00102202  0.00102161
   0.00102227  0.00102197  0.00102202  0.00102184  0.00102161  0.00102178
   0.00102175  0.00102191  0.00102205  0.00102181  0.00102211  0.00102215
   0.00102211  0.00102188  0.00102199  0.00102189  0.00102289  0.00102193
   0.00102201  0.00102177  0.00102211  0.00102204  0.00102229  0.00102193
   0.00102184  0.00102173  0.00102198  0.00102194  0.0010228   0.00102287
   0.00102182  0.00102206  0.00102248  0.00102257  0.00102267  0.00102223
   0.00102181  0.00102192  0.00102233  0.00102196  0.00102177  0.00102148
   0.00102188  0.00102205  0.00102204  0.00102183  0.00102229  0.00102251
   0.00102263  0.00102242  0.00102149  0.00102199  0.00102196  0.00102265
   0.00102223  0.00102218  0.00102184  0.00102202  0.00102286  0.00102184
   0.00102235  0.00102264  0.00102217  0.00102248  0.00102227  0.00102217
   0.00102199  0.00102267  0.00102198  0.00102213  0.00102176  0.00102225
   0.00102222  0.00102222  0.00102214  0.00102187  0.00102243  0.00102247
   0.00102174  0.00102255  0.00102185  0.00102226  0.00102185  0.00102256
   0.00102298  0.00102189  0.00102223  0.00102192  0.00102243  0.00102224
   0.00102207  0.00102288  0.0010219   0.00102261  0.00102212  0.00102187
   0.00102195  0.0010222   0.00102266  0.00102246  0.00102198  0.00102244
   0.0010224   0.00102228  0.00102219  0.00102242  0.00102241  0.00102177
   0.00102226  0.00102267  0.0010223   0.00102207  0.00102257  0.00102196
   0.00102262  0.00102215  0.00102204  0.00102245  0.00102251  0.00102229
   0.00102233  0.00102308  0.00102232  0.00102233  0.0010221   0.00102227
   0.00102236  0.00102324  0.00102327  0.00102213  0.00102212  0.00102193
   0.00102236  0.00102231  0.00102212  0.00102175  0.00102237  0.00102242
   0.00102222  0.00102196  0.00102247  0.00102231  0.00102267  0.00102253
   0.00102282  0.00102288  0.00102203  0.00102172  0.00102243  0.00102313
   0.00102217  0.00102229  0.00102261  0.00102238  0.00102306  0.00102281
   0.0010228   0.00102194  0.00102261  0.00102229  0.00102245  0.00102297
   0.00102223  0.00102193  0.00102249  0.00102215  0.00102239  0.00102307
   0.00102237  0.00102253  0.00102258  0.00102216  0.00102217  0.00102264
   0.00102284  0.00102215  0.00102206  0.00102251  0.00102273  0.00102306
   0.00102268  0.00102299  0.00102261  0.00102227  0.00102252  0.00102179
   0.00102255  0.00102265  0.00102256  0.00102199  0.00102291  0.00102224
   0.00102247  0.00102245  0.00102191  0.00102244  0.00102231  0.00102192
   0.00102215  0.00102255  0.00102217  0.00102329  0.00102259  0.0010222
   0.0010232   0.00102239  0.00102235  0.00102211  0.00102283  0.00102227
   0.00102248  0.0010227   0.00102201  0.00102287  0.00102244  0.00102273
   0.00102227  0.00102238  0.00102245  0.00102305  0.00102235  0.00102231
   0.00102253  0.00102252  0.00102243  0.00102187  0.00102262  0.00102238
   0.00102229  0.00102257  0.00102298  0.00102216  0.00102237  0.00102263
   0.00102254  0.00102262  0.0010228   0.00102232  0.00102217  0.00102269
   0.00102219  0.00102228  0.00102266  0.0010224   0.00102251  0.00102307
   0.0010226   0.00102283  0.00102228  0.00102212  0.00102273  0.00102245
   0.00102274  0.00102233  0.0010223   0.00102232  0.00102258  0.00102257
   0.00102179  0.0010232   0.00102316  0.00102258  0.00102246  0.0010231
   0.00102248  0.00102259  0.00102202  0.00102232  0.00102289  0.00102256
   0.00102296  0.00102275  0.00102284  0.00102308  0.0010225   0.00102259
   0.00102257  0.00102234  0.00102204  0.00102206  0.00102195  0.00102225
   0.00102244  0.0010223   0.00102213  0.00102251  0.00102256  0.00102247
   0.0010222   0.00102212  0.00102259  0.00102288  0.00102207  0.00102228
   0.00102219  0.00102219  0.00102256  0.00102287  0.00102283  0.00102268
   0.00102253  0.00102242  0.00102348  0.00102242  0.00102256  0.00102265
   0.00102252  0.00102279  0.00102322  0.00102231  0.0010228   0.0010228
   0.00102301  0.0010223   0.00102258  0.00102244  0.00102223  0.00102277
   0.00102284  0.00102257  0.00102242  0.0010236   0.00102227  0.0010225
   0.00102263  0.00102258  0.00102295  0.00102287  0.00102208  0.00102355]]
0.0010236042583
0.00102068922751
