0: [64, 8, 72, 1, 65, 9, 73]
1: [0, 64, 8, 72, 65, 9, 73, 2, 66, 10, 74]
2: [1, 65, 9, 73, 66, 10, 74, 3, 67, 11, 75]
3: [2, 66, 10, 74, 67, 11, 75, 4, 68, 12, 76]
4: [3, 67, 11, 75, 68, 12, 76, 5, 69, 13, 77]
5: [4, 68, 12, 76, 69, 13, 77, 6, 70, 14, 78]
6: [5, 69, 13, 77, 70, 14, 78, 7, 71, 15, 79]
7: [6, 70, 14, 78, 71, 15, 79]
8: [0, 64, 72, 16, 80, 1, 65, 9, 73, 17, 81]
9: [0, 64, 8, 72, 16, 80, 1, 65, 73, 17, 81, 2, 66, 10, 74, 18, 82]
10: [1, 65, 9, 73, 17, 81, 2, 66, 74, 18, 82, 3, 67, 11, 75, 19, 83]
11: [2, 66, 10, 74, 18, 82, 3, 67, 75, 19, 83, 4, 68, 12, 76, 20, 84]
12: [3, 67, 11, 75, 19, 83, 4, 68, 76, 20, 84, 5, 69, 13, 77, 21, 85]
13: [4, 68, 12, 76, 20, 84, 5, 69, 77, 21, 85, 6, 70, 14, 78, 22, 86]
14: [5, 69, 13, 77, 21, 85, 6, 70, 78, 22, 86, 7, 71, 15, 79, 23, 87]
15: [6, 70, 14, 78, 22, 86, 7, 71, 79, 23, 87]
16: [8, 72, 80, 24, 88, 9, 73, 17, 81, 25, 89]
17: [8, 72, 16, 80, 24, 88, 9, 73, 81, 25, 89, 10, 74, 18, 82, 26, 90]
18: [9, 73, 17, 81, 25, 89, 10, 74, 82, 26, 90, 11, 75, 19, 83, 27, 91]
19: [10, 74, 18, 82, 26, 90, 11, 75, 83, 27, 91, 12, 76, 20, 84, 28, 92]
20: [11, 75, 19, 83, 27, 91, 12, 76, 84, 28, 92, 13, 77, 21, 85, 29, 93]
21: [12, 76, 20, 84, 28, 92, 13, 77, 85, 29, 93, 14, 78, 22, 86, 30, 94]
22: [13, 77, 21, 85, 29, 93, 14, 78, 86, 30, 94, 15, 79, 23, 87, 31, 95]
23: [14, 78, 22, 86, 30, 94, 15, 79, 87, 31, 95]
24: [16, 80, 88, 32, 96, 17, 81, 25, 89, 33, 97]
25: [16, 80, 24, 88, 32, 96, 17, 81, 89, 33, 97, 18, 82, 26, 90, 34, 98]
26: [17, 81, 25, 89, 33, 97, 18, 82, 90, 34, 98, 19, 83, 27, 91, 35, 99]
27: [18, 82, 26, 90, 34, 98, 19, 83, 91, 35, 99, 20, 84, 28, 92, 36, 100]
28: [19, 83, 27, 91, 35, 99, 20, 84, 92, 36, 100, 21, 85, 29, 93, 37, 101]
29: [20, 84, 28, 92, 36, 100, 21, 85, 93, 37, 101, 22, 86, 30, 94, 38, 102]
30: [21, 85, 29, 93, 37, 101, 22, 86, 94, 38, 102, 23, 87, 31, 95, 39, 103]
31: [22, 86, 30, 94, 38, 102, 23, 87, 95, 39, 103]
32: [24, 88, 96, 40, 104, 25, 89, 33, 97, 41, 105]
33: [24, 88, 32, 96, 40, 104, 25, 89, 97, 41, 105, 26, 90, 34, 98, 42, 106]
34: [25, 89, 33, 97, 41, 105, 26, 90, 98, 42, 106, 27, 91, 35, 99, 43, 107]
35: [26, 90, 34, 98, 42, 106, 27, 91, 99, 43, 107, 28, 92, 36, 100, 44, 108]
36: [27, 91, 35, 99, 43, 107, 28, 92, 100, 44, 108, 29, 93, 37, 101, 45, 109]
37: [28, 92, 36, 100, 44, 108, 29, 93, 101, 45, 109, 30, 94, 38, 102, 46, 110]
38: [29, 93, 37, 101, 45, 109, 30, 94, 102, 46, 110, 31, 95, 39, 103, 47, 111]
39: [30, 94, 38, 102, 46, 110, 31, 95, 103, 47, 111]
40: [32, 96, 104, 48, 112, 33, 97, 41, 105, 49, 113]
41: [32, 96, 40, 104, 48, 112, 33, 97, 105, 49, 113, 34, 98, 42, 106, 50, 114]
42: [33, 97, 41, 105, 49, 113, 34, 98, 106, 50, 114, 35, 99, 43, 107, 51, 115]
43: [34, 98, 42, 106, 50, 114, 35, 99, 107, 51, 115, 36, 100, 44, 108, 52, 116]
44: [35, 99, 43, 107, 51, 115, 36, 100, 108, 52, 116, 37, 101, 45, 109, 53, 117]
45: [36, 100, 44, 108, 52, 116, 37, 101, 109, 53, 117, 38, 102, 46, 110, 54, 118]
46: [37, 101, 45, 109, 53, 117, 38, 102, 110, 54, 118, 39, 103, 47, 111, 55, 119]
47: [38, 102, 46, 110, 54, 118, 39, 103, 111, 55, 119]
48: [40, 104, 112, 56, 120, 41, 105, 49, 113, 57, 121]
49: [40, 104, 48, 112, 56, 120, 41, 105, 113, 57, 121, 42, 106, 50, 114, 58, 122]
50: [41, 105, 49, 113, 57, 121, 42, 106, 114, 58, 122, 43, 107, 51, 115, 59, 123]
51: [42, 106, 50, 114, 58, 122, 43, 107, 115, 59, 123, 44, 108, 52, 116, 60, 124]
52: [43, 107, 51, 115, 59, 123, 44, 108, 116, 60, 124, 45, 109, 53, 117, 61, 125]
53: [44, 108, 52, 116, 60, 124, 45, 109, 117, 61, 125, 46, 110, 54, 118, 62, 126]
54: [45, 109, 53, 117, 61, 125, 46, 110, 118, 62, 126, 47, 111, 55, 119, 63, 127]
55: [46, 110, 54, 118, 62, 126, 47, 111, 119, 63, 127]
56: [48, 112, 120, 49, 113, 57, 121]
57: [48, 112, 56, 120, 49, 113, 121, 50, 114, 58, 122]
58: [49, 113, 57, 121, 50, 114, 122, 51, 115, 59, 123]
59: [50, 114, 58, 122, 51, 115, 123, 52, 116, 60, 124]
60: [51, 115, 59, 123, 52, 116, 124, 53, 117, 61, 125]
61: [52, 116, 60, 124, 53, 117, 125, 54, 118, 62, 126]
62: [53, 117, 61, 125, 54, 118, 126, 55, 119, 63, 127]
63: [54, 118, 62, 126, 55, 119, 127]
64: [0, 128, 8, 72, 136, 1, 65, 129, 9, 73, 137]
65: [0, 64, 128, 8, 72, 136, 1, 129, 9, 73, 137, 2, 66, 130, 10, 74, 138]
66: [1, 65, 129, 9, 73, 137, 2, 130, 10, 74, 138, 3, 67, 131, 11, 75, 139]
67: [2, 66, 130, 10, 74, 138, 3, 131, 11, 75, 139, 4, 68, 132, 12, 76, 140]
68: [3, 67, 131, 11, 75, 139, 4, 132, 12, 76, 140, 5, 69, 133, 13, 77, 141]
69: [4, 68, 132, 12, 76, 140, 5, 133, 13, 77, 141, 6, 70, 134, 14, 78, 142]
70: [5, 69, 133, 13, 77, 141, 6, 134, 14, 78, 142, 7, 71, 135, 15, 79, 143]
71: [6, 70, 134, 14, 78, 142, 7, 135, 15, 79, 143]
72: [0, 64, 128, 8, 136, 16, 80, 144, 1, 65, 129, 9, 73, 137, 17, 81, 145]
73: [0, 64, 128, 8, 72, 136, 16, 80, 144, 1, 65, 129, 9, 137, 17, 81, 145, 2, 66, 130, 10, 74, 138, 18, 82, 146]
74: [1, 65, 129, 9, 73, 137, 17, 81, 145, 2, 66, 130, 10, 138, 18, 82, 146, 3, 67, 131, 11, 75, 139, 19, 83, 147]
75: [2, 66, 130, 10, 74, 138, 18, 82, 146, 3, 67, 131, 11, 139, 19, 83, 147, 4, 68, 132, 12, 76, 140, 20, 84, 148]
76: [3, 67, 131, 11, 75, 139, 19, 83, 147, 4, 68, 132, 12, 140, 20, 84, 148, 5, 69, 133, 13, 77, 141, 21, 85, 149]
77: [4, 68, 132, 12, 76, 140, 20, 84, 148, 5, 69, 133, 13, 141, 21, 85, 149, 6, 70, 134, 14, 78, 142, 22, 86, 150]
78: [5, 69, 133, 13, 77, 141, 21, 85, 149, 6, 70, 134, 14, 142, 22, 86, 150, 7, 71, 135, 15, 79, 143, 23, 87, 151]
79: [6, 70, 134, 14, 78, 142, 22, 86, 150, 7, 71, 135, 15, 143, 23, 87, 151]
80: [8, 72, 136, 16, 144, 24, 88, 152, 9, 73, 137, 17, 81, 145, 25, 89, 153]
81: [8, 72, 136, 16, 80, 144, 24, 88, 152, 9, 73, 137, 17, 145, 25, 89, 153, 10, 74, 138, 18, 82, 146, 26, 90, 154]
82: [9, 73, 137, 17, 81, 145, 25, 89, 153, 10, 74, 138, 18, 146, 26, 90, 154, 11, 75, 139, 19, 83, 147, 27, 91, 155]
83: [10, 74, 138, 18, 82, 146, 26, 90, 154, 11, 75, 139, 19, 147, 27, 91, 155, 12, 76, 140, 20, 84, 148, 28, 92, 156]
84: [11, 75, 139, 19, 83, 147, 27, 91, 155, 12, 76, 140, 20, 148, 28, 92, 156, 13, 77, 141, 21, 85, 149, 29, 93, 157]
85: [12, 76, 140, 20, 84, 148, 28, 92, 156, 13, 77, 141, 21, 149, 29, 93, 157, 14, 78, 142, 22, 86, 150, 30, 94, 158]
86: [13, 77, 141, 21, 85, 149, 29, 93, 157, 14, 78, 142, 22, 150, 30, 94, 158, 15, 79, 143, 23, 87, 151, 31, 95, 159]
87: [14, 78, 142, 22, 86, 150, 30, 94, 158, 15, 79, 143, 23, 151, 31, 95, 159]
88: [16, 80, 144, 24, 152, 32, 96, 160, 17, 81, 145, 25, 89, 153, 33, 97, 161]
89: [16, 80, 144, 24, 88, 152, 32, 96, 160, 17, 81, 145, 25, 153, 33, 97, 161, 18, 82, 146, 26, 90, 154, 34, 98, 162]
90: [17, 81, 145, 25, 89, 153, 33, 97, 161, 18, 82, 146, 26, 154, 34, 98, 162, 19, 83, 147, 27, 91, 155, 35, 99, 163]
91: [18, 82, 146, 26, 90, 154, 34, 98, 162, 19, 83, 147, 27, 155, 35, 99, 163, 20, 84, 148, 28, 92, 156, 36, 100, 164]
92: [19, 83, 147, 27, 91, 155, 35, 99, 163, 20, 84, 148, 28, 156, 36, 100, 164, 21, 85, 149, 29, 93, 157, 37, 101, 165]
93: [20, 84, 148, 28, 92, 156, 36, 100, 164, 21, 85, 149, 29, 157, 37, 101, 165, 22, 86, 150, 30, 94, 158, 38, 102, 166]
94: [21, 85, 149, 29, 93, 157, 37, 101, 165, 22, 86, 150, 30, 158, 38, 102, 166, 23, 87, 151, 31, 95, 159, 39, 103, 167]
95: [22, 86, 150, 30, 94, 158, 38, 102, 166, 23, 87, 151, 31, 159, 39, 103, 167]
96: [24, 88, 152, 32, 160, 40, 104, 168, 25, 89, 153, 33, 97, 161, 41, 105, 169]
97: [24, 88, 152, 32, 96, 160, 40, 104, 168, 25, 89, 153, 33, 161, 41, 105, 169, 26, 90, 154, 34, 98, 162, 42, 106, 170]
98: [25, 89, 153, 33, 97, 161, 41, 105, 169, 26, 90, 154, 34, 162, 42, 106, 170, 27, 91, 155, 35, 99, 163, 43, 107, 171]
99: [26, 90, 154, 34, 98, 162, 42, 106, 170, 27, 91, 155, 35, 163, 43, 107, 171, 28, 92, 156, 36, 100, 164, 44, 108, 172]
100: [27, 91, 155, 35, 99, 163, 43, 107, 171, 28, 92, 156, 36, 164, 44, 108, 172, 29, 93, 157, 37, 101, 165, 45, 109, 173]
101: [28, 92, 156, 36, 100, 164, 44, 108, 172, 29, 93, 157, 37, 165, 45, 109, 173, 30, 94, 158, 38, 102, 166, 46, 110, 174]
102: [29, 93, 157, 37, 101, 165, 45, 109, 173, 30, 94, 158, 38, 166, 46, 110, 174, 31, 95, 159, 39, 103, 167, 47, 111, 175]
103: [30, 94, 158, 38, 102, 166, 46, 110, 174, 31, 95, 159, 39, 167, 47, 111, 175]
104: [32, 96, 160, 40, 168, 48, 112, 176, 33, 97, 161, 41, 105, 169, 49, 113, 177]
105: [32, 96, 160, 40, 104, 168, 48, 112, 176, 33, 97, 161, 41, 169, 49, 113, 177, 34, 98, 162, 42, 106, 170, 50, 114, 178]
106: [33, 97, 161, 41, 105, 169, 49, 113, 177, 34, 98, 162, 42, 170, 50, 114, 178, 35, 99, 163, 43, 107, 171, 51, 115, 179]
107: [34, 98, 162, 42, 106, 170, 50, 114, 178, 35, 99, 163, 43, 171, 51, 115, 179, 36, 100, 164, 44, 108, 172, 52, 116, 180]
108: [35, 99, 163, 43, 107, 171, 51, 115, 179, 36, 100, 164, 44, 172, 52, 116, 180, 37, 101, 165, 45, 109, 173, 53, 117, 181]
109: [36, 100, 164, 44, 108, 172, 52, 116, 180, 37, 101, 165, 45, 173, 53, 117, 181, 38, 102, 166, 46, 110, 174, 54, 118, 182]
110: [37, 101, 165, 45, 109, 173, 53, 117, 181, 38, 102, 166, 46, 174, 54, 118, 182, 39, 103, 167, 47, 111, 175, 55, 119, 183]
111: [38, 102, 166, 46, 110, 174, 54, 118, 182, 39, 103, 167, 47, 175, 55, 119, 183]
112: [40, 104, 168, 48, 176, 56, 120, 184, 41, 105, 169, 49, 113, 177, 57, 121, 185]
113: [40, 104, 168, 48, 112, 176, 56, 120, 184, 41, 105, 169, 49, 177, 57, 121, 185, 42, 106, 170, 50, 114, 178, 58, 122, 186]
114: [41, 105, 169, 49, 113, 177, 57, 121, 185, 42, 106, 170, 50, 178, 58, 122, 186, 43, 107, 171, 51, 115, 179, 59, 123, 187]
115: [42, 106, 170, 50, 114, 178, 58, 122, 186, 43, 107, 171, 51, 179, 59, 123, 187, 44, 108, 172, 52, 116, 180, 60, 124, 188]
116: [43, 107, 171, 51, 115, 179, 59, 123, 187, 44, 108, 172, 52, 180, 60, 124, 188, 45, 109, 173, 53, 117, 181, 61, 125, 189]
117: [44, 108, 172, 52, 116, 180, 60, 124, 188, 45, 109, 173, 53, 181, 61, 125, 189, 46, 110, 174, 54, 118, 182, 62, 126, 190]
118: [45, 109, 173, 53, 117, 181, 61, 125, 189, 46, 110, 174, 54, 182, 62, 126, 190, 47, 111, 175, 55, 119, 183, 63, 127, 191]
119: [46, 110, 174, 54, 118, 182, 62, 126, 190, 47, 111, 175, 55, 183, 63, 127, 191]
120: [48, 112, 176, 56, 184, 49, 113, 177, 57, 121, 185]
121: [48, 112, 176, 56, 120, 184, 49, 113, 177, 57, 185, 50, 114, 178, 58, 122, 186]
122: [49, 113, 177, 57, 121, 185, 50, 114, 178, 58, 186, 51, 115, 179, 59, 123, 187]
123: [50, 114, 178, 58, 122, 186, 51, 115, 179, 59, 187, 52, 116, 180, 60, 124, 188]
124: [51, 115, 179, 59, 123, 187, 52, 116, 180, 60, 188, 53, 117, 181, 61, 125, 189]
125: [52, 116, 180, 60, 124, 188, 53, 117, 181, 61, 189, 54, 118, 182, 62, 126, 190]
126: [53, 117, 181, 61, 125, 189, 54, 118, 182, 62, 190, 55, 119, 183, 63, 127, 191]
127: [54, 118, 182, 62, 126, 190, 55, 119, 183, 63, 191]
128: [64, 192, 72, 136, 200, 65, 129, 193, 73, 137, 201]
129: [64, 128, 192, 72, 136, 200, 65, 193, 73, 137, 201, 66, 130, 194, 74, 138, 202]
130: [65, 129, 193, 73, 137, 201, 66, 194, 74, 138, 202, 67, 131, 195, 75, 139, 203]
131: [66, 130, 194, 74, 138, 202, 67, 195, 75, 139, 203, 68, 132, 196, 76, 140, 204]
132: [67, 131, 195, 75, 139, 203, 68, 196, 76, 140, 204, 69, 133, 197, 77, 141, 205]
133: [68, 132, 196, 76, 140, 204, 69, 197, 77, 141, 205, 70, 134, 198, 78, 142, 206]
134: [69, 133, 197, 77, 141, 205, 70, 198, 78, 142, 206, 71, 135, 199, 79, 143, 207]
135: [70, 134, 198, 78, 142, 206, 71, 199, 79, 143, 207]
136: [64, 128, 192, 72, 200, 80, 144, 208, 65, 129, 193, 73, 137, 201, 81, 145, 209]
137: [64, 128, 192, 72, 136, 200, 80, 144, 208, 65, 129, 193, 73, 201, 81, 145, 209, 66, 130, 194, 74, 138, 202, 82, 146, 210]
138: [65, 129, 193, 73, 137, 201, 81, 145, 209, 66, 130, 194, 74, 202, 82, 146, 210, 67, 131, 195, 75, 139, 203, 83, 147, 211]
139: [66, 130, 194, 74, 138, 202, 82, 146, 210, 67, 131, 195, 75, 203, 83, 147, 211, 68, 132, 196, 76, 140, 204, 84, 148, 212]
140: [67, 131, 195, 75, 139, 203, 83, 147, 211, 68, 132, 196, 76, 204, 84, 148, 212, 69, 133, 197, 77, 141, 205, 85, 149, 213]
141: [68, 132, 196, 76, 140, 204, 84, 148, 212, 69, 133, 197, 77, 205, 85, 149, 213, 70, 134, 198, 78, 142, 206, 86, 150, 214]
142: [69, 133, 197, 77, 141, 205, 85, 149, 213, 70, 134, 198, 78, 206, 86, 150, 214, 71, 135, 199, 79, 143, 207, 87, 151, 215]
143: [70, 134, 198, 78, 142, 206, 86, 150, 214, 71, 135, 199, 79, 207, 87, 151, 215]
144: [72, 136, 200, 80, 208, 88, 152, 216, 73, 137, 201, 81, 145, 209, 89, 153, 217]
145: [72, 136, 200, 80, 144, 208, 88, 152, 216, 73, 137, 201, 81, 209, 89, 153, 217, 74, 138, 202, 82, 146, 210, 90, 154, 218]
146: [73, 137, 201, 81, 145, 209, 89, 153, 217, 74, 138, 202, 82, 210, 90, 154, 218, 75, 139, 203, 83, 147, 211, 91, 155, 219]
147: [74, 138, 202, 82, 146, 210, 90, 154, 218, 75, 139, 203, 83, 211, 91, 155, 219, 76, 140, 204, 84, 148, 212, 92, 156, 220]
148: [75, 139, 203, 83, 147, 211, 91, 155, 219, 76, 140, 204, 84, 212, 92, 156, 220, 77, 141, 205, 85, 149, 213, 93, 157, 221]
149: [76, 140, 204, 84, 148, 212, 92, 156, 220, 77, 141, 205, 85, 213, 93, 157, 221, 78, 142, 206, 86, 150, 214, 94, 158, 222]
150: [77, 141, 205, 85, 149, 213, 93, 157, 221, 78, 142, 206, 86, 214, 94, 158, 222, 79, 143, 207, 87, 151, 215, 95, 159, 223]
151: [78, 142, 206, 86, 150, 214, 94, 158, 222, 79, 143, 207, 87, 215, 95, 159, 223]
152: [80, 144, 208, 88, 216, 96, 160, 224, 81, 145, 209, 89, 153, 217, 97, 161, 225]
153: [80, 144, 208, 88, 152, 216, 96, 160, 224, 81, 145, 209, 89, 217, 97, 161, 225, 82, 146, 210, 90, 154, 218, 98, 162, 226]
154: [81, 145, 209, 89, 153, 217, 97, 161, 225, 82, 146, 210, 90, 218, 98, 162, 226, 83, 147, 211, 91, 155, 219, 99, 163, 227]
155: [82, 146, 210, 90, 154, 218, 98, 162, 226, 83, 147, 211, 91, 219, 99, 163, 227, 84, 148, 212, 92, 156, 220, 100, 164, 228]
156: [83, 147, 211, 91, 155, 219, 99, 163, 227, 84, 148, 212, 92, 220, 100, 164, 228, 85, 149, 213, 93, 157, 221, 101, 165, 229]
157: [84, 148, 212, 92, 156, 220, 100, 164, 228, 85, 149, 213, 93, 221, 101, 165, 229, 86, 150, 214, 94, 158, 222, 102, 166, 230]
158: [85, 149, 213, 93, 157, 221, 101, 165, 229, 86, 150, 214, 94, 222, 102, 166, 230, 87, 151, 215, 95, 159, 223, 103, 167, 231]
159: [86, 150, 214, 94, 158, 222, 102, 166, 230, 87, 151, 215, 95, 223, 103, 167, 231]
160: [88, 152, 216, 96, 224, 104, 168, 232, 89, 153, 217, 97, 161, 225, 105, 169, 233]
161: [88, 152, 216, 96, 160, 224, 104, 168, 232, 89, 153, 217, 97, 225, 105, 169, 233, 90, 154, 218, 98, 162, 226, 106, 170, 234]
162: [89, 153, 217, 97, 161, 225, 105, 169, 233, 90, 154, 218, 98, 226, 106, 170, 234, 91, 155, 219, 99, 163, 227, 107, 171, 235]
163: [90, 154, 218, 98, 162, 226, 106, 170, 234, 91, 155, 219, 99, 227, 107, 171, 235, 92, 156, 220, 100, 164, 228, 108, 172, 236]
164: [91, 155, 219, 99, 163, 227, 107, 171, 235, 92, 156, 220, 100, 228, 108, 172, 236, 93, 157, 221, 101, 165, 229, 109, 173, 237]
165: [92, 156, 220, 100, 164, 228, 108, 172, 236, 93, 157, 221, 101, 229, 109, 173, 237, 94, 158, 222, 102, 166, 230, 110, 174, 238]
166: [93, 157, 221, 101, 165, 229, 109, 173, 237, 94, 158, 222, 102, 230, 110, 174, 238, 95, 159, 223, 103, 167, 231, 111, 175, 239]
167: [94, 158, 222, 102, 166, 230, 110, 174, 238, 95, 159, 223, 103, 231, 111, 175, 239]
168: [96, 160, 224, 104, 232, 112, 176, 240, 97, 161, 225, 105, 169, 233, 113, 177, 241]
169: [96, 160, 224, 104, 168, 232, 112, 176, 240, 97, 161, 225, 105, 233, 113, 177, 241, 98, 162, 226, 106, 170, 234, 114, 178, 242]
170: [97, 161, 225, 105, 169, 233, 113, 177, 241, 98, 162, 226, 106, 234, 114, 178, 242, 99, 163, 227, 107, 171, 235, 115, 179, 243]
171: [98, 162, 226, 106, 170, 234, 114, 178, 242, 99, 163, 227, 107, 235, 115, 179, 243, 100, 164, 228, 108, 172, 236, 116, 180, 244]
172: [99, 163, 227, 107, 171, 235, 115, 179, 243, 100, 164, 228, 108, 236, 116, 180, 244, 101, 165, 229, 109, 173, 237, 117, 181, 245]
173: [100, 164, 228, 108, 172, 236, 116, 180, 244, 101, 165, 229, 109, 237, 117, 181, 245, 102, 166, 230, 110, 174, 238, 118, 182, 246]
174: [101, 165, 229, 109, 173, 237, 117, 181, 245, 102, 166, 230, 110, 238, 118, 182, 246, 103, 167, 231, 111, 175, 239, 119, 183, 247]
175: [102, 166, 230, 110, 174, 238, 118, 182, 246, 103, 167, 231, 111, 239, 119, 183, 247]
176: [104, 168, 232, 112, 240, 120, 184, 248, 105, 169, 233, 113, 177, 241, 121, 185, 249]
177: [104, 168, 232, 112, 176, 240, 120, 184, 248, 105, 169, 233, 113, 241, 121, 185, 249, 106, 170, 234, 114, 178, 242, 122, 186, 250]
178: [105, 169, 233, 113, 177, 241, 121, 185, 249, 106, 170, 234, 114, 242, 122, 186, 250, 107, 171, 235, 115, 179, 243, 123, 187, 251]
179: [106, 170, 234, 114, 178, 242, 122, 186, 250, 107, 171, 235, 115, 243, 123, 187, 251, 108, 172, 236, 116, 180, 244, 124, 188, 252]
180: [107, 171, 235, 115, 179, 243, 123, 187, 251, 108, 172, 236, 116, 244, 124, 188, 252, 109, 173, 237, 117, 181, 245, 125, 189, 253]
181: [108, 172, 236, 116, 180, 244, 124, 188, 252, 109, 173, 237, 117, 245, 125, 189, 253, 110, 174, 238, 118, 182, 246, 126, 190, 254]
182: [109, 173, 237, 117, 181, 245, 125, 189, 253, 110, 174, 238, 118, 246, 126, 190, 254, 111, 175, 239, 119, 183, 247, 127, 191, 255]
183: [110, 174, 238, 118, 182, 246, 126, 190, 254, 111, 175, 239, 119, 247, 127, 191, 255]
184: [112, 176, 240, 120, 248, 113, 177, 241, 121, 185, 249]
185: [112, 176, 240, 120, 184, 248, 113, 177, 241, 121, 249, 114, 178, 242, 122, 186, 250]
186: [113, 177, 241, 121, 185, 249, 114, 178, 242, 122, 250, 115, 179, 243, 123, 187, 251]
187: [114, 178, 242, 122, 186, 250, 115, 179, 243, 123, 251, 116, 180, 244, 124, 188, 252]
188: [115, 179, 243, 123, 187, 251, 116, 180, 244, 124, 252, 117, 181, 245, 125, 189, 253]
189: [116, 180, 244, 124, 188, 252, 117, 181, 245, 125, 253, 118, 182, 246, 126, 190, 254]
190: [117, 181, 245, 125, 189, 253, 118, 182, 246, 126, 254, 119, 183, 247, 127, 191, 255]
191: [118, 182, 246, 126, 190, 254, 119, 183, 247, 127, 255]
192: [128, 256, 136, 200, 264, 129, 193, 257, 137, 201, 265]
193: [128, 192, 256, 136, 200, 264, 129, 257, 137, 201, 265, 130, 194, 258, 138, 202, 266]
194: [129, 193, 257, 137, 201, 265, 130, 258, 138, 202, 266, 131, 195, 259, 139, 203, 267]
195: [130, 194, 258, 138, 202, 266, 131, 259, 139, 203, 267, 132, 196, 260, 140, 204, 268]
196: [131, 195, 259, 139, 203, 267, 132, 260, 140, 204, 268, 133, 197, 261, 141, 205, 269]
197: [132, 196, 260, 140, 204, 268, 133, 261, 141, 205, 269, 134, 198, 262, 142, 206, 270]
198: [133, 197, 261, 141, 205, 269, 134, 262, 142, 206, 270, 135, 199, 263, 143, 207, 271]
199: [134, 198, 262, 142, 206, 270, 135, 263, 143, 207, 271]
200: [128, 192, 256, 136, 264, 144, 208, 272, 129, 193, 257, 137, 201, 265, 145, 209, 273]
201: [128, 192, 256, 136, 200, 264, 144, 208, 272, 129, 193, 257, 137, 265, 145, 209, 273, 130, 194, 258, 138, 202, 266, 146, 210, 274]
202: [129, 193, 257, 137, 201, 265, 145, 209, 273, 130, 194, 258, 138, 266, 146, 210, 274, 131, 195, 259, 139, 203, 267, 147, 211, 275]
203: [130, 194, 258, 138, 202, 266, 146, 210, 274, 131, 195, 259, 139, 267, 147, 211, 275, 132, 196, 260, 140, 204, 268, 148, 212, 276]
204: [131, 195, 259, 139, 203, 267, 147, 211, 275, 132, 196, 260, 140, 268, 148, 212, 276, 133, 197, 261, 141, 205, 269, 149, 213, 277]
205: [132, 196, 260, 140, 204, 268, 148, 212, 276, 133, 197, 261, 141, 269, 149, 213, 277, 134, 198, 262, 142, 206, 270, 150, 214, 278]
206: [133, 197, 261, 141, 205, 269, 149, 213, 277, 134, 198, 262, 142, 270, 150, 214, 278, 135, 199, 263, 143, 207, 271, 151, 215, 279]
207: [134, 198, 262, 142, 206, 270, 150, 214, 278, 135, 199, 263, 143, 271, 151, 215, 279]
208: [136, 200, 264, 144, 272, 152, 216, 280, 137, 201, 265, 145, 209, 273, 153, 217, 281]
209: [136, 200, 264, 144, 208, 272, 152, 216, 280, 137, 201, 265, 145, 273, 153, 217, 281, 138, 202, 266, 146, 210, 274, 154, 218, 282]
210: [137, 201, 265, 145, 209, 273, 153, 217, 281, 138, 202, 266, 146, 274, 154, 218, 282, 139, 203, 267, 147, 211, 275, 155, 219, 283]
211: [138, 202, 266, 146, 210, 274, 154, 218, 282, 139, 203, 267, 147, 275, 155, 219, 283, 140, 204, 268, 148, 212, 276, 156, 220, 284]
212: [139, 203, 267, 147, 211, 275, 155, 219, 283, 140, 204, 268, 148, 276, 156, 220, 284, 141, 205, 269, 149, 213, 277, 157, 221, 285]
213: [140, 204, 268, 148, 212, 276, 156, 220, 284, 141, 205, 269, 149, 277, 157, 221, 285, 142, 206, 270, 150, 214, 278, 158, 222, 286]
214: [141, 205, 269, 149, 213, 277, 157, 221, 285, 142, 206, 270, 150, 278, 158, 222, 286, 143, 207, 271, 151, 215, 279, 159, 223, 287]
215: [142, 206, 270, 150, 214, 278, 158, 222, 286, 143, 207, 271, 151, 279, 159, 223, 287]
216: [144, 208, 272, 152, 280, 160, 224, 288, 145, 209, 273, 153, 217, 281, 161, 225, 289]
217: [144, 208, 272, 152, 216, 280, 160, 224, 288, 145, 209, 273, 153, 281, 161, 225, 289, 146, 210, 274, 154, 218, 282, 162, 226, 290]
218: [145, 209, 273, 153, 217, 281, 161, 225, 289, 146, 210, 274, 154, 282, 162, 226, 290, 147, 211, 275, 155, 219, 283, 163, 227, 291]
219: [146, 210, 274, 154, 218, 282, 162, 226, 290, 147, 211, 275, 155, 283, 163, 227, 291, 148, 212, 276, 156, 220, 284, 164, 228, 292]
220: [147, 211, 275, 155, 219, 283, 163, 227, 291, 148, 212, 276, 156, 284, 164, 228, 292, 149, 213, 277, 157, 221, 285, 165, 229, 293]
221: [148, 212, 276, 156, 220, 284, 164, 228, 292, 149, 213, 277, 157, 285, 165, 229, 293, 150, 214, 278, 158, 222, 286, 166, 230, 294]
222: [149, 213, 277, 157, 221, 285, 165, 229, 293, 150, 214, 278, 158, 286, 166, 230, 294, 151, 215, 279, 159, 223, 287, 167, 231, 295]
223: [150, 214, 278, 158, 222, 286, 166, 230, 294, 151, 215, 279, 159, 287, 167, 231, 295]
224: [152, 216, 280, 160, 288, 168, 232, 296, 153, 217, 281, 161, 225, 289, 169, 233, 297]
225: [152, 216, 280, 160, 224, 288, 168, 232, 296, 153, 217, 281, 161, 289, 169, 233, 297, 154, 218, 282, 162, 226, 290, 170, 234, 298]
226: [153, 217, 281, 161, 225, 289, 169, 233, 297, 154, 218, 282, 162, 290, 170, 234, 298, 155, 219, 283, 163, 227, 291, 171, 235, 299]
227: [154, 218, 282, 162, 226, 290, 170, 234, 298, 155, 219, 283, 163, 291, 171, 235, 299, 156, 220, 284, 164, 228, 292, 172, 236, 300]
228: [155, 219, 283, 163, 227, 291, 171, 235, 299, 156, 220, 284, 164, 292, 172, 236, 300, 157, 221, 285, 165, 229, 293, 173, 237, 301]
229: [156, 220, 284, 164, 228, 292, 172, 236, 300, 157, 221, 285, 165, 293, 173, 237, 301, 158, 222, 286, 166, 230, 294, 174, 238, 302]
230: [157, 221, 285, 165, 229, 293, 173, 237, 301, 158, 222, 286, 166, 294, 174, 238, 302, 159, 223, 287, 167, 231, 295, 175, 239, 303]
231: [158, 222, 286, 166, 230, 294, 174, 238, 302, 159, 223, 287, 167, 295, 175, 239, 303]
232: [160, 224, 288, 168, 296, 176, 240, 304, 161, 225, 289, 169, 233, 297, 177, 241, 305]
233: [160, 224, 288, 168, 232, 296, 176, 240, 304, 161, 225, 289, 169, 297, 177, 241, 305, 162, 226, 290, 170, 234, 298, 178, 242, 306]
234: [161, 225, 289, 169, 233, 297, 177, 241, 305, 162, 226, 290, 170, 298, 178, 242, 306, 163, 227, 291, 171, 235, 299, 179, 243, 307]
235: [162, 226, 290, 170, 234, 298, 178, 242, 306, 163, 227, 291, 171, 299, 179, 243, 307, 164, 228, 292, 172, 236, 300, 180, 244, 308]
236: [163, 227, 291, 171, 235, 299, 179, 243, 307, 164, 228, 292, 172, 300, 180, 244, 308, 165, 229, 293, 173, 237, 301, 181, 245, 309]
237: [164, 228, 292, 172, 236, 300, 180, 244, 308, 165, 229, 293, 173, 301, 181, 245, 309, 166, 230, 294, 174, 238, 302, 182, 246, 310]
238: [165, 229, 293, 173, 237, 301, 181, 245, 309, 166, 230, 294, 174, 302, 182, 246, 310, 167, 231, 295, 175, 239, 303, 183, 247, 311]
239: [166, 230, 294, 174, 238, 302, 182, 246, 310, 167, 231, 295, 175, 303, 183, 247, 311]
240: [168, 232, 296, 176, 304, 184, 248, 312, 169, 233, 297, 177, 241, 305, 185, 249, 313]
241: [168, 232, 296, 176, 240, 304, 184, 248, 312, 169, 233, 297, 177, 305, 185, 249, 313, 170, 234, 298, 178, 242, 306, 186, 250, 314]
242: [169, 233, 297, 177, 241, 305, 185, 249, 313, 170, 234, 298, 178, 306, 186, 250, 314, 171, 235, 299, 179, 243, 307, 187, 251, 315]
243: [170, 234, 298, 178, 242, 306, 186, 250, 314, 171, 235, 299, 179, 307, 187, 251, 315, 172, 236, 300, 180, 244, 308, 188, 252, 316]
244: [171, 235, 299, 179, 243, 307, 187, 251, 315, 172, 236, 300, 180, 308, 188, 252, 316, 173, 237, 301, 181, 245, 309, 189, 253, 317]
245: [172, 236, 300, 180, 244, 308, 188, 252, 316, 173, 237, 301, 181, 309, 189, 253, 317, 174, 238, 302, 182, 246, 310, 190, 254, 318]
246: [173, 237, 301, 181, 245, 309, 189, 253, 317, 174, 238, 302, 182, 310, 190, 254, 318, 175, 239, 303, 183, 247, 311, 191, 255, 319]
247: [174, 238, 302, 182, 246, 310, 190, 254, 318, 175, 239, 303, 183, 311, 191, 255, 319]
248: [176, 240, 304, 184, 312, 177, 241, 305, 185, 249, 313]
249: [176, 240, 304, 184, 248, 312, 177, 241, 305, 185, 313, 178, 242, 306, 186, 250, 314]
250: [177, 241, 305, 185, 249, 313, 178, 242, 306, 186, 314, 179, 243, 307, 187, 251, 315]
251: [178, 242, 306, 186, 250, 314, 179, 243, 307, 187, 315, 180, 244, 308, 188, 252, 316]
252: [179, 243, 307, 187, 251, 315, 180, 244, 308, 188, 316, 181, 245, 309, 189, 253, 317]
253: [180, 244, 308, 188, 252, 316, 181, 245, 309, 189, 317, 182, 246, 310, 190, 254, 318]
254: [181, 245, 309, 189, 253, 317, 182, 246, 310, 190, 318, 183, 247, 311, 191, 255, 319]
255: [182, 246, 310, 190, 254, 318, 183, 247, 311, 191, 319]
256: [192, 320, 200, 264, 328, 193, 257, 321, 201, 265, 329]
257: [192, 256, 320, 200, 264, 328, 193, 321, 201, 265, 329, 194, 258, 322, 202, 266, 330]
258: [193, 257, 321, 201, 265, 329, 194, 322, 202, 266, 330, 195, 259, 323, 203, 267, 331]
259: [194, 258, 322, 202, 266, 330, 195, 323, 203, 267, 331, 196, 260, 324, 204, 268, 332]
260: [195, 259, 323, 203, 267, 331, 196, 324, 204, 268, 332, 197, 261, 325, 205, 269, 333]
261: [196, 260, 324, 204, 268, 332, 197, 325, 205, 269, 333, 198, 262, 326, 206, 270, 334]
262: [197, 261, 325, 205, 269, 333, 198, 326, 206, 270, 334, 199, 263, 327, 207, 271, 335]
263: [198, 262, 326, 206, 270, 334, 199, 327, 207, 271, 335]
264: [192, 256, 320, 200, 328, 208, 272, 336, 193, 257, 321, 201, 265, 329, 209, 273, 337]
265: [192, 256, 320, 200, 264, 328, 208, 272, 336, 193, 257, 321, 201, 329, 209, 273, 337, 194, 258, 322, 202, 266, 330, 210, 274, 338]
266: [193, 257, 321, 201, 265, 329, 209, 273, 337, 194, 258, 322, 202, 330, 210, 274, 338, 195, 259, 323, 203, 267, 331, 211, 275, 339]
267: [194, 258, 322, 202, 266, 330, 210, 274, 338, 195, 259, 323, 203, 331, 211, 275, 339, 196, 260, 324, 204, 268, 332, 212, 276, 340]
268: [195, 259, 323, 203, 267, 331, 211, 275, 339, 196, 260, 324, 204, 332, 212, 276, 340, 197, 261, 325, 205, 269, 333, 213, 277, 341]
269: [196, 260, 324, 204, 268, 332, 212, 276, 340, 197, 261, 325, 205, 333, 213, 277, 341, 198, 262, 326, 206, 270, 334, 214, 278, 342]
270: [197, 261, 325, 205, 269, 333, 213, 277, 341, 198, 262, 326, 206, 334, 214, 278, 342, 199, 263, 327, 207, 271, 335, 215, 279, 343]
271: [198, 262, 326, 206, 270, 334, 214, 278, 342, 199, 263, 327, 207, 335, 215, 279, 343]
272: [200, 264, 328, 208, 336, 216, 280, 344, 201, 265, 329, 209, 273, 337, 217, 281, 345]
273: [200, 264, 328, 208, 272, 336, 216, 280, 344, 201, 265, 329, 209, 337, 217, 281, 345, 202, 266, 330, 210, 274, 338, 218, 282, 346]
274: [201, 265, 329, 209, 273, 337, 217, 281, 345, 202, 266, 330, 210, 338, 218, 282, 346, 203, 267, 331, 211, 275, 339, 219, 283, 347]
275: [202, 266, 330, 210, 274, 338, 218, 282, 346, 203, 267, 331, 211, 339, 219, 283, 347, 204, 268, 332, 212, 276, 340, 220, 284, 348]
276: [203, 267, 331, 211, 275, 339, 219, 283, 347, 204, 268, 332, 212, 340, 220, 284, 348, 205, 269, 333, 213, 277, 341, 221, 285, 349]
277: [204, 268, 332, 212, 276, 340, 220, 284, 348, 205, 269, 333, 213, 341, 221, 285, 349, 206, 270, 334, 214, 278, 342, 222, 286, 350]
278: [205, 269, 333, 213, 277, 341, 221, 285, 349, 206, 270, 334, 214, 342, 222, 286, 350, 207, 271, 335, 215, 279, 343, 223, 287, 351]
279: [206, 270, 334, 214, 278, 342, 222, 286, 350, 207, 271, 335, 215, 343, 223, 287, 351]
280: [208, 272, 336, 216, 344, 224, 288, 352, 209, 273, 337, 217, 281, 345, 225, 289, 353]
281: [208, 272, 336, 216, 280, 344, 224, 288, 352, 209, 273, 337, 217, 345, 225, 289, 353, 210, 274, 338, 218, 282, 346, 226, 290, 354]
282: [209, 273, 337, 217, 281, 345, 225, 289, 353, 210, 274, 338, 218, 346, 226, 290, 354, 211, 275, 339, 219, 283, 347, 227, 291, 355]
283: [210, 274, 338, 218, 282, 346, 226, 290, 354, 211, 275, 339, 219, 347, 227, 291, 355, 212, 276, 340, 220, 284, 348, 228, 292, 356]
284: [211, 275, 339, 219, 283, 347, 227, 291, 355, 212, 276, 340, 220, 348, 228, 292, 356, 213, 277, 341, 221, 285, 349, 229, 293, 357]
285: [212, 276, 340, 220, 284, 348, 228, 292, 356, 213, 277, 341, 221, 349, 229, 293, 357, 214, 278, 342, 222, 286, 350, 230, 294, 358]
286: [213, 277, 341, 221, 285, 349, 229, 293, 357, 214, 278, 342, 222, 350, 230, 294, 358, 215, 279, 343, 223, 287, 351, 231, 295, 359]
287: [214, 278, 342, 222, 286, 350, 230, 294, 358, 215, 279, 343, 223, 351, 231, 295, 359]
288: [216, 280, 344, 224, 352, 232, 296, 360, 217, 281, 345, 225, 289, 353, 233, 297, 361]
289: [216, 280, 344, 224, 288, 352, 232, 296, 360, 217, 281, 345, 225, 353, 233, 297, 361, 218, 282, 346, 226, 290, 354, 234, 298, 362]
290: [217, 281, 345, 225, 289, 353, 233, 297, 361, 218, 282, 346, 226, 354, 234, 298, 362, 219, 283, 347, 227, 291, 355, 235, 299, 363]
291: [218, 282, 346, 226, 290, 354, 234, 298, 362, 219, 283, 347, 227, 355, 235, 299, 363, 220, 284, 348, 228, 292, 356, 236, 300, 364]
292: [219, 283, 347, 227, 291, 355, 235, 299, 363, 220, 284, 348, 228, 356, 236, 300, 364, 221, 285, 349, 229, 293, 357, 237, 301, 365]
293: [220, 284, 348, 228, 292, 356, 236, 300, 364, 221, 285, 349, 229, 357, 237, 301, 365, 222, 286, 350, 230, 294, 358, 238, 302, 366]
294: [221, 285, 349, 229, 293, 357, 237, 301, 365, 222, 286, 350, 230, 358, 238, 302, 366, 223, 287, 351, 231, 295, 359, 239, 303, 367]
295: [222, 286, 350, 230, 294, 358, 238, 302, 366, 223, 287, 351, 231, 359, 239, 303, 367]
296: [224, 288, 352, 232, 360, 240, 304, 368, 225, 289, 353, 233, 297, 361, 241, 305, 369]
297: [224, 288, 352, 232, 296, 360, 240, 304, 368, 225, 289, 353, 233, 361, 241, 305, 369, 226, 290, 354, 234, 298, 362, 242, 306, 370]
298: [225, 289, 353, 233, 297, 361, 241, 305, 369, 226, 290, 354, 234, 362, 242, 306, 370, 227, 291, 355, 235, 299, 363, 243, 307, 371]
299: [226, 290, 354, 234, 298, 362, 242, 306, 370, 227, 291, 355, 235, 363, 243, 307, 371, 228, 292, 356, 236, 300, 364, 244, 308, 372]
300: [227, 291, 355, 235, 299, 363, 243, 307, 371, 228, 292, 356, 236, 364, 244, 308, 372, 229, 293, 357, 237, 301, 365, 245, 309, 373]
301: [228, 292, 356, 236, 300, 364, 244, 308, 372, 229, 293, 357, 237, 365, 245, 309, 373, 230, 294, 358, 238, 302, 366, 246, 310, 374]
302: [229, 293, 357, 237, 301, 365, 245, 309, 373, 230, 294, 358, 238, 366, 246, 310, 374, 231, 295, 359, 239, 303, 367, 247, 311, 375]
303: [230, 294, 358, 238, 302, 366, 246, 310, 374, 231, 295, 359, 239, 367, 247, 311, 375]
304: [232, 296, 360, 240, 368, 248, 312, 376, 233, 297, 361, 241, 305, 369, 249, 313, 377]
305: [232, 296, 360, 240, 304, 368, 248, 312, 376, 233, 297, 361, 241, 369, 249, 313, 377, 234, 298, 362, 242, 306, 370, 250, 314, 378]
306: [233, 297, 361, 241, 305, 369, 249, 313, 377, 234, 298, 362, 242, 370, 250, 314, 378, 235, 299, 363, 243, 307, 371, 251, 315, 379]
307: [234, 298, 362, 242, 306, 370, 250, 314, 378, 235, 299, 363, 243, 371, 251, 315, 379, 236, 300, 364, 244, 308, 372, 252, 316, 380]
308: [235, 299, 363, 243, 307, 371, 251, 315, 379, 236, 300, 364, 244, 372, 252, 316, 380, 237, 301, 365, 245, 309, 373, 253, 317, 381]
309: [236, 300, 364, 244, 308, 372, 252, 316, 380, 237, 301, 365, 245, 373, 253, 317, 381, 238, 302, 366, 246, 310, 374, 254, 318, 382]
310: [237, 301, 365, 245, 309, 373, 253, 317, 381, 238, 302, 366, 246, 374, 254, 318, 382, 239, 303, 367, 247, 311, 375, 255, 319, 383]
311: [238, 302, 366, 246, 310, 374, 254, 318, 382, 239, 303, 367, 247, 375, 255, 319, 383]
312: [240, 304, 368, 248, 376, 241, 305, 369, 249, 313, 377]
313: [240, 304, 368, 248, 312, 376, 241, 305, 369, 249, 377, 242, 306, 370, 250, 314, 378]
314: [241, 305, 369, 249, 313, 377, 242, 306, 370, 250, 378, 243, 307, 371, 251, 315, 379]
315: [242, 306, 370, 250, 314, 378, 243, 307, 371, 251, 379, 244, 308, 372, 252, 316, 380]
316: [243, 307, 371, 251, 315, 379, 244, 308, 372, 252, 380, 245, 309, 373, 253, 317, 381]
317: [244, 308, 372, 252, 316, 380, 245, 309, 373, 253, 381, 246, 310, 374, 254, 318, 382]
318: [245, 309, 373, 253, 317, 381, 246, 310, 374, 254, 382, 247, 311, 375, 255, 319, 383]
319: [246, 310, 374, 254, 318, 382, 247, 311, 375, 255, 383]
320: [256, 384, 264, 328, 392, 257, 321, 385, 265, 329, 393]
321: [256, 320, 384, 264, 328, 392, 257, 385, 265, 329, 393, 258, 322, 386, 266, 330, 394]
322: [257, 321, 385, 265, 329, 393, 258, 386, 266, 330, 394, 259, 323, 387, 267, 331, 395]
323: [258, 322, 386, 266, 330, 394, 259, 387, 267, 331, 395, 260, 324, 388, 268, 332, 396]
324: [259, 323, 387, 267, 331, 395, 260, 388, 268, 332, 396, 261, 325, 389, 269, 333, 397]
325: [260, 324, 388, 268, 332, 396, 261, 389, 269, 333, 397, 262, 326, 390, 270, 334, 398]
326: [261, 325, 389, 269, 333, 397, 262, 390, 270, 334, 398, 263, 327, 391, 271, 335, 399]
327: [262, 326, 390, 270, 334, 398, 263, 391, 271, 335, 399]
328: [256, 320, 384, 264, 392, 272, 336, 400, 257, 321, 385, 265, 329, 393, 273, 337, 401]
329: [256, 320, 384, 264, 328, 392, 272, 336, 400, 257, 321, 385, 265, 393, 273, 337, 401, 258, 322, 386, 266, 330, 394, 274, 338, 402]
330: [257, 321, 385, 265, 329, 393, 273, 337, 401, 258, 322, 386, 266, 394, 274, 338, 402, 259, 323, 387, 267, 331, 395, 275, 339, 403]
331: [258, 322, 386, 266, 330, 394, 274, 338, 402, 259, 323, 387, 267, 395, 275, 339, 403, 260, 324, 388, 268, 332, 396, 276, 340, 404]
332: [259, 323, 387, 267, 331, 395, 275, 339, 403, 260, 324, 388, 268, 396, 276, 340, 404, 261, 325, 389, 269, 333, 397, 277, 341, 405]
333: [260, 324, 388, 268, 332, 396, 276, 340, 404, 261, 325, 389, 269, 397, 277, 341, 405, 262, 326, 390, 270, 334, 398, 278, 342, 406]
334: [261, 325, 389, 269, 333, 397, 277, 341, 405, 262, 326, 390, 270, 398, 278, 342, 406, 263, 327, 391, 271, 335, 399, 279, 343, 407]
335: [262, 326, 390, 270, 334, 398, 278, 342, 406, 263, 327, 391, 271, 399, 279, 343, 407]
336: [264, 328, 392, 272, 400, 280, 344, 408, 265, 329, 393, 273, 337, 401, 281, 345, 409]
337: [264, 328, 392, 272, 336, 400, 280, 344, 408, 265, 329, 393, 273, 401, 281, 345, 409, 266, 330, 394, 274, 338, 402, 282, 346, 410]
338: [265, 329, 393, 273, 337, 401, 281, 345, 409, 266, 330, 394, 274, 402, 282, 346, 410, 267, 331, 395, 275, 339, 403, 283, 347, 411]
339: [266, 330, 394, 274, 338, 402, 282, 346, 410, 267, 331, 395, 275, 403, 283, 347, 411, 268, 332, 396, 276, 340, 404, 284, 348, 412]
340: [267, 331, 395, 275, 339, 403, 283, 347, 411, 268, 332, 396, 276, 404, 284, 348, 412, 269, 333, 397, 277, 341, 405, 285, 349, 413]
341: [268, 332, 396, 276, 340, 404, 284, 348, 412, 269, 333, 397, 277, 405, 285, 349, 413, 270, 334, 398, 278, 342, 406, 286, 350, 414]
342: [269, 333, 397, 277, 341, 405, 285, 349, 413, 270, 334, 398, 278, 406, 286, 350, 414, 271, 335, 399, 279, 343, 407, 287, 351, 415]
343: [270, 334, 398, 278, 342, 406, 286, 350, 414, 271, 335, 399, 279, 407, 287, 351, 415]
344: [272, 336, 400, 280, 408, 288, 352, 416, 273, 337, 401, 281, 345, 409, 289, 353, 417]
345: [272, 336, 400, 280, 344, 408, 288, 352, 416, 273, 337, 401, 281, 409, 289, 353, 417, 274, 338, 402, 282, 346, 410, 290, 354, 418]
346: [273, 337, 401, 281, 345, 409, 289, 353, 417, 274, 338, 402, 282, 410, 290, 354, 418, 275, 339, 403, 283, 347, 411, 291, 355, 419]
347: [274, 338, 402, 282, 346, 410, 290, 354, 418, 275, 339, 403, 283, 411, 291, 355, 419, 276, 340, 404, 284, 348, 412, 292, 356, 420]
348: [275, 339, 403, 283, 347, 411, 291, 355, 419, 276, 340, 404, 284, 412, 292, 356, 420, 277, 341, 405, 285, 349, 413, 293, 357, 421]
349: [276, 340, 404, 284, 348, 412, 292, 356, 420, 277, 341, 405, 285, 413, 293, 357, 421, 278, 342, 406, 286, 350, 414, 294, 358, 422]
350: [277, 341, 405, 285, 349, 413, 293, 357, 421, 278, 342, 406, 286, 414, 294, 358, 422, 279, 343, 407, 287, 351, 415, 295, 359, 423]
351: [278, 342, 406, 286, 350, 414, 294, 358, 422, 279, 343, 407, 287, 415, 295, 359, 423]
352: [280, 344, 408, 288, 416, 296, 360, 424, 281, 345, 409, 289, 353, 417, 297, 361, 425]
353: [280, 344, 408, 288, 352, 416, 296, 360, 424, 281, 345, 409, 289, 417, 297, 361, 425, 282, 346, 410, 290, 354, 418, 298, 362, 426]
354: [281, 345, 409, 289, 353, 417, 297, 361, 425, 282, 346, 410, 290, 418, 298, 362, 426, 283, 347, 411, 291, 355, 419, 299, 363, 427]
355: [282, 346, 410, 290, 354, 418, 298, 362, 426, 283, 347, 411, 291, 419, 299, 363, 427, 284, 348, 412, 292, 356, 420, 300, 364, 428]
356: [283, 347, 411, 291, 355, 419, 299, 363, 427, 284, 348, 412, 292, 420, 300, 364, 428, 285, 349, 413, 293, 357, 421, 301, 365, 429]
357: [284, 348, 412, 292, 356, 420, 300, 364, 428, 285, 349, 413, 293, 421, 301, 365, 429, 286, 350, 414, 294, 358, 422, 302, 366, 430]
358: [285, 349, 413, 293, 357, 421, 301, 365, 429, 286, 350, 414, 294, 422, 302, 366, 430, 287, 351, 415, 295, 359, 423, 303, 367, 431]
359: [286, 350, 414, 294, 358, 422, 302, 366, 430, 287, 351, 415, 295, 423, 303, 367, 431]
360: [288, 352, 416, 296, 424, 304, 368, 432, 289, 353, 417, 297, 361, 425, 305, 369, 433]
361: [288, 352, 416, 296, 360, 424, 304, 368, 432, 289, 353, 417, 297, 425, 305, 369, 433, 290, 354, 418, 298, 362, 426, 306, 370, 434]
362: [289, 353, 417, 297, 361, 425, 305, 369, 433, 290, 354, 418, 298, 426, 306, 370, 434, 291, 355, 419, 299, 363, 427, 307, 371, 435]
363: [290, 354, 418, 298, 362, 426, 306, 370, 434, 291, 355, 419, 299, 427, 307, 371, 435, 292, 356, 420, 300, 364, 428, 308, 372, 436]
364: [291, 355, 419, 299, 363, 427, 307, 371, 435, 292, 356, 420, 300, 428, 308, 372, 436, 293, 357, 421, 301, 365, 429, 309, 373, 437]
365: [292, 356, 420, 300, 364, 428, 308, 372, 436, 293, 357, 421, 301, 429, 309, 373, 437, 294, 358, 422, 302, 366, 430, 310, 374, 438]
366: [293, 357, 421, 301, 365, 429, 309, 373, 437, 294, 358, 422, 302, 430, 310, 374, 438, 295, 359, 423, 303, 367, 431, 311, 375, 439]
367: [294, 358, 422, 302, 366, 430, 310, 374, 438, 295, 359, 423, 303, 431, 311, 375, 439]
368: [296, 360, 424, 304, 432, 312, 376, 440, 297, 361, 425, 305, 369, 433, 313, 377, 441]
369: [296, 360, 424, 304, 368, 432, 312, 376, 440, 297, 361, 425, 305, 433, 313, 377, 441, 298, 362, 426, 306, 370, 434, 314, 378, 442]
370: [297, 361, 425, 305, 369, 433, 313, 377, 441, 298, 362, 426, 306, 434, 314, 378, 442, 299, 363, 427, 307, 371, 435, 315, 379, 443]
371: [298, 362, 426, 306, 370, 434, 314, 378, 442, 299, 363, 427, 307, 435, 315, 379, 443, 300, 364, 428, 308, 372, 436, 316, 380, 444]
372: [299, 363, 427, 307, 371, 435, 315, 379, 443, 300, 364, 428, 308, 436, 316, 380, 444, 301, 365, 429, 309, 373, 437, 317, 381, 445]
373: [300, 364, 428, 308, 372, 436, 316, 380, 444, 301, 365, 429, 309, 437, 317, 381, 445, 302, 366, 430, 310, 374, 438, 318, 382, 446]
374: [301, 365, 429, 309, 373, 437, 317, 381, 445, 302, 366, 430, 310, 438, 318, 382, 446, 303, 367, 431, 311, 375, 439, 319, 383, 447]
375: [302, 366, 430, 310, 374, 438, 318, 382, 446, 303, 367, 431, 311, 439, 319, 383, 447]
376: [304, 368, 432, 312, 440, 305, 369, 433, 313, 377, 441]
377: [304, 368, 432, 312, 376, 440, 305, 369, 433, 313, 441, 306, 370, 434, 314, 378, 442]
378: [305, 369, 433, 313, 377, 441, 306, 370, 434, 314, 442, 307, 371, 435, 315, 379, 443]
379: [306, 370, 434, 314, 378, 442, 307, 371, 435, 315, 443, 308, 372, 436, 316, 380, 444]
380: [307, 371, 435, 315, 379, 443, 308, 372, 436, 316, 444, 309, 373, 437, 317, 381, 445]
381: [308, 372, 436, 316, 380, 444, 309, 373, 437, 317, 445, 310, 374, 438, 318, 382, 446]
382: [309, 373, 437, 317, 381, 445, 310, 374, 438, 318, 446, 311, 375, 439, 319, 383, 447]
383: [310, 374, 438, 318, 382, 446, 311, 375, 439, 319, 447]
384: [320, 448, 328, 392, 456, 321, 385, 449, 329, 393, 457]
385: [320, 384, 448, 328, 392, 456, 321, 449, 329, 393, 457, 322, 386, 450, 330, 394, 458]
386: [321, 385, 449, 329, 393, 457, 322, 450, 330, 394, 458, 323, 387, 451, 331, 395, 459]
387: [322, 386, 450, 330, 394, 458, 323, 451, 331, 395, 459, 324, 388, 452, 332, 396, 460]
388: [323, 387, 451, 331, 395, 459, 324, 452, 332, 396, 460, 325, 389, 453, 333, 397, 461]
389: [324, 388, 452, 332, 396, 460, 325, 453, 333, 397, 461, 326, 390, 454, 334, 398, 462]
390: [325, 389, 453, 333, 397, 461, 326, 454, 334, 398, 462, 327, 391, 455, 335, 399, 463]
391: [326, 390, 454, 334, 398, 462, 327, 455, 335, 399, 463]
392: [320, 384, 448, 328, 456, 336, 400, 464, 321, 385, 449, 329, 393, 457, 337, 401, 465]
393: [320, 384, 448, 328, 392, 456, 336, 400, 464, 321, 385, 449, 329, 457, 337, 401, 465, 322, 386, 450, 330, 394, 458, 338, 402, 466]
394: [321, 385, 449, 329, 393, 457, 337, 401, 465, 322, 386, 450, 330, 458, 338, 402, 466, 323, 387, 451, 331, 395, 459, 339, 403, 467]
395: [322, 386, 450, 330, 394, 458, 338, 402, 466, 323, 387, 451, 331, 459, 339, 403, 467, 324, 388, 452, 332, 396, 460, 340, 404, 468]
396: [323, 387, 451, 331, 395, 459, 339, 403, 467, 324, 388, 452, 332, 460, 340, 404, 468, 325, 389, 453, 333, 397, 461, 341, 405, 469]
397: [324, 388, 452, 332, 396, 460, 340, 404, 468, 325, 389, 453, 333, 461, 341, 405, 469, 326, 390, 454, 334, 398, 462, 342, 406, 470]
398: [325, 389, 453, 333, 397, 461, 341, 405, 469, 326, 390, 454, 334, 462, 342, 406, 470, 327, 391, 455, 335, 399, 463, 343, 407, 471]
399: [326, 390, 454, 334, 398, 462, 342, 406, 470, 327, 391, 455, 335, 463, 343, 407, 471]
400: [328, 392, 456, 336, 464, 344, 408, 472, 329, 393, 457, 337, 401, 465, 345, 409, 473]
401: [328, 392, 456, 336, 400, 464, 344, 408, 472, 329, 393, 457, 337, 465, 345, 409, 473, 330, 394, 458, 338, 402, 466, 346, 410, 474]
402: [329, 393, 457, 337, 401, 465, 345, 409, 473, 330, 394, 458, 338, 466, 346, 410, 474, 331, 395, 459, 339, 403, 467, 347, 411, 475]
403: [330, 394, 458, 338, 402, 466, 346, 410, 474, 331, 395, 459, 339, 467, 347, 411, 475, 332, 396, 460, 340, 404, 468, 348, 412, 476]
404: [331, 395, 459, 339, 403, 467, 347, 411, 475, 332, 396, 460, 340, 468, 348, 412, 476, 333, 397, 461, 341, 405, 469, 349, 413, 477]
405: [332, 396, 460, 340, 404, 468, 348, 412, 476, 333, 397, 461, 341, 469, 349, 413, 477, 334, 398, 462, 342, 406, 470, 350, 414, 478]
406: [333, 397, 461, 341, 405, 469, 349, 413, 477, 334, 398, 462, 342, 470, 350, 414, 478, 335, 399, 463, 343, 407, 471, 351, 415, 479]
407: [334, 398, 462, 342, 406, 470, 350, 414, 478, 335, 399, 463, 343, 471, 351, 415, 479]
408: [336, 400, 464, 344, 472, 352, 416, 480, 337, 401, 465, 345, 409, 473, 353, 417, 481]
409: [336, 400, 464, 344, 408, 472, 352, 416, 480, 337, 401, 465, 345, 473, 353, 417, 481, 338, 402, 466, 346, 410, 474, 354, 418, 482]
410: [337, 401, 465, 345, 409, 473, 353, 417, 481, 338, 402, 466, 346, 474, 354, 418, 482, 339, 403, 467, 347, 411, 475, 355, 419, 483]
411: [338, 402, 466, 346, 410, 474, 354, 418, 482, 339, 403, 467, 347, 475, 355, 419, 483, 340, 404, 468, 348, 412, 476, 356, 420, 484]
412: [339, 403, 467, 347, 411, 475, 355, 419, 483, 340, 404, 468, 348, 476, 356, 420, 484, 341, 405, 469, 349, 413, 477, 357, 421, 485]
413: [340, 404, 468, 348, 412, 476, 356, 420, 484, 341, 405, 469, 349, 477, 357, 421, 485, 342, 406, 470, 350, 414, 478, 358, 422, 486]
414: [341, 405, 469, 349, 413, 477, 357, 421, 485, 342, 406, 470, 350, 478, 358, 422, 486, 343, 407, 471, 351, 415, 479, 359, 423, 487]
415: [342, 406, 470, 350, 414, 478, 358, 422, 486, 343, 407, 471, 351, 479, 359, 423, 487]
416: [344, 408, 472, 352, 480, 360, 424, 488, 345, 409, 473, 353, 417, 481, 361, 425, 489]
417: [344, 408, 472, 352, 416, 480, 360, 424, 488, 345, 409, 473, 353, 481, 361, 425, 489, 346, 410, 474, 354, 418, 482, 362, 426, 490]
418: [345, 409, 473, 353, 417, 481, 361, 425, 489, 346, 410, 474, 354, 482, 362, 426, 490, 347, 411, 475, 355, 419, 483, 363, 427, 491]
419: [346, 410, 474, 354, 418, 482, 362, 426, 490, 347, 411, 475, 355, 483, 363, 427, 491, 348, 412, 476, 356, 420, 484, 364, 428, 492]
420: [347, 411, 475, 355, 419, 483, 363, 427, 491, 348, 412, 476, 356, 484, 364, 428, 492, 349, 413, 477, 357, 421, 485, 365, 429, 493]
421: [348, 412, 476, 356, 420, 484, 364, 428, 492, 349, 413, 477, 357, 485, 365, 429, 493, 350, 414, 478, 358, 422, 486, 366, 430, 494]
422: [349, 413, 477, 357, 421, 485, 365, 429, 493, 350, 414, 478, 358, 486, 366, 430, 494, 351, 415, 479, 359, 423, 487, 367, 431, 495]
423: [350, 414, 478, 358, 422, 486, 366, 430, 494, 351, 415, 479, 359, 487, 367, 431, 495]
424: [352, 416, 480, 360, 488, 368, 432, 496, 353, 417, 481, 361, 425, 489, 369, 433, 497]
425: [352, 416, 480, 360, 424, 488, 368, 432, 496, 353, 417, 481, 361, 489, 369, 433, 497, 354, 418, 482, 362, 426, 490, 370, 434, 498]
426: [353, 417, 481, 361, 425, 489, 369, 433, 497, 354, 418, 482, 362, 490, 370, 434, 498, 355, 419, 483, 363, 427, 491, 371, 435, 499]
427: [354, 418, 482, 362, 426, 490, 370, 434, 498, 355, 419, 483, 363, 491, 371, 435, 499, 356, 420, 484, 364, 428, 492, 372, 436, 500]
428: [355, 419, 483, 363, 427, 491, 371, 435, 499, 356, 420, 484, 364, 492, 372, 436, 500, 357, 421, 485, 365, 429, 493, 373, 437, 501]
429: [356, 420, 484, 364, 428, 492, 372, 436, 500, 357, 421, 485, 365, 493, 373, 437, 501, 358, 422, 486, 366, 430, 494, 374, 438, 502]
430: [357, 421, 485, 365, 429, 493, 373, 437, 501, 358, 422, 486, 366, 494, 374, 438, 502, 359, 423, 487, 367, 431, 495, 375, 439, 503]
431: [358, 422, 486, 366, 430, 494, 374, 438, 502, 359, 423, 487, 367, 495, 375, 439, 503]
432: [360, 424, 488, 368, 496, 376, 440, 504, 361, 425, 489, 369, 433, 497, 377, 441, 505]
433: [360, 424, 488, 368, 432, 496, 376, 440, 504, 361, 425, 489, 369, 497, 377, 441, 505, 362, 426, 490, 370, 434, 498, 378, 442, 506]
434: [361, 425, 489, 369, 433, 497, 377, 441, 505, 362, 426, 490, 370, 498, 378, 442, 506, 363, 427, 491, 371, 435, 499, 379, 443, 507]
435: [362, 426, 490, 370, 434, 498, 378, 442, 506, 363, 427, 491, 371, 499, 379, 443, 507, 364, 428, 492, 372, 436, 500, 380, 444, 508]
436: [363, 427, 491, 371, 435, 499, 379, 443, 507, 364, 428, 492, 372, 500, 380, 444, 508, 365, 429, 493, 373, 437, 501, 381, 445, 509]
437: [364, 428, 492, 372, 436, 500, 380, 444, 508, 365, 429, 493, 373, 501, 381, 445, 509, 366, 430, 494, 374, 438, 502, 382, 446, 510]
438: [365, 429, 493, 373, 437, 501, 381, 445, 509, 366, 430, 494, 374, 502, 382, 446, 510, 367, 431, 495, 375, 439, 503, 383, 447, 511]
439: [366, 430, 494, 374, 438, 502, 382, 446, 510, 367, 431, 495, 375, 503, 383, 447, 511]
440: [368, 432, 496, 376, 504, 369, 433, 497, 377, 441, 505]
441: [368, 432, 496, 376, 440, 504, 369, 433, 497, 377, 505, 370, 434, 498, 378, 442, 506]
442: [369, 433, 497, 377, 441, 505, 370, 434, 498, 378, 506, 371, 435, 499, 379, 443, 507]
443: [370, 434, 498, 378, 442, 506, 371, 435, 499, 379, 507, 372, 436, 500, 380, 444, 508]
444: [371, 435, 499, 379, 443, 507, 372, 436, 500, 380, 508, 373, 437, 501, 381, 445, 509]
445: [372, 436, 500, 380, 444, 508, 373, 437, 501, 381, 509, 374, 438, 502, 382, 446, 510]
446: [373, 437, 501, 381, 445, 509, 374, 438, 502, 382, 510, 375, 439, 503, 383, 447, 511]
447: [374, 438, 502, 382, 446, 510, 375, 439, 503, 383, 511]
448: [384, 512, 392, 456, 520, 385, 449, 513, 393, 457, 521]
449: [384, 448, 512, 392, 456, 520, 385, 513, 393, 457, 521, 386, 450, 514, 394, 458, 522]
450: [385, 449, 513, 393, 457, 521, 386, 514, 394, 458, 522, 387, 451, 515, 395, 459, 523]
451: [386, 450, 514, 394, 458, 522, 387, 515, 395, 459, 523, 388, 452, 516, 396, 460, 524]
452: [387, 451, 515, 395, 459, 523, 388, 516, 396, 460, 524, 389, 453, 517, 397, 461, 525]
453: [388, 452, 516, 396, 460, 524, 389, 517, 397, 461, 525, 390, 454, 518, 398, 462, 526]
454: [389, 453, 517, 397, 461, 525, 390, 518, 398, 462, 526, 391, 455, 519, 399, 463, 527]
455: [390, 454, 518, 398, 462, 526, 391, 519, 399, 463, 527]
456: [384, 448, 512, 392, 520, 400, 464, 528, 385, 449, 513, 393, 457, 521, 401, 465, 529]
457: [384, 448, 512, 392, 456, 520, 400, 464, 528, 385, 449, 513, 393, 521, 401, 465, 529, 386, 450, 514, 394, 458, 522, 402, 466, 530]
458: [385, 449, 513, 393, 457, 521, 401, 465, 529, 386, 450, 514, 394, 522, 402, 466, 530, 387, 451, 515, 395, 459, 523, 403, 467, 531]
459: [386, 450, 514, 394, 458, 522, 402, 466, 530, 387, 451, 515, 395, 523, 403, 467, 531, 388, 452, 516, 396, 460, 524, 404, 468, 532]
460: [387, 451, 515, 395, 459, 523, 403, 467, 531, 388, 452, 516, 396, 524, 404, 468, 532, 389, 453, 517, 397, 461, 525, 405, 469, 533]
461: [388, 452, 516, 396, 460, 524, 404, 468, 532, 389, 453, 517, 397, 525, 405, 469, 533, 390, 454, 518, 398, 462, 526, 406, 470, 534]
462: [389, 453, 517, 397, 461, 525, 405, 469, 533, 390, 454, 518, 398, 526, 406, 470, 534, 391, 455, 519, 399, 463, 527, 407, 471, 535]
463: [390, 454, 518, 398, 462, 526, 406, 470, 534, 391, 455, 519, 399, 527, 407, 471, 535]
464: [392, 456, 520, 400, 528, 408, 472, 536, 393, 457, 521, 401, 465, 529, 409, 473, 537]
465: [392, 456, 520, 400, 464, 528, 408, 472, 536, 393, 457, 521, 401, 529, 409, 473, 537, 394, 458, 522, 402, 466, 530, 410, 474, 538]
466: [393, 457, 521, 401, 465, 529, 409, 473, 537, 394, 458, 522, 402, 530, 410, 474, 538, 395, 459, 523, 403, 467, 531, 411, 475, 539]
467: [394, 458, 522, 402, 466, 530, 410, 474, 538, 395, 459, 523, 403, 531, 411, 475, 539, 396, 460, 524, 404, 468, 532, 412, 476, 540]
468: [395, 459, 523, 403, 467, 531, 411, 475, 539, 396, 460, 524, 404, 532, 412, 476, 540, 397, 461, 525, 405, 469, 533, 413, 477, 541]
469: [396, 460, 524, 404, 468, 532, 412, 476, 540, 397, 461, 525, 405, 533, 413, 477, 541, 398, 462, 526, 406, 470, 534, 414, 478, 542]
470: [397, 461, 525, 405, 469, 533, 413, 477, 541, 398, 462, 526, 406, 534, 414, 478, 542, 399, 463, 527, 407, 471, 535, 415, 479, 543]
471: [398, 462, 526, 406, 470, 534, 414, 478, 542, 399, 463, 527, 407, 535, 415, 479, 543]
472: [400, 464, 528, 408, 536, 416, 480, 544, 401, 465, 529, 409, 473, 537, 417, 481, 545]
473: [400, 464, 528, 408, 472, 536, 416, 480, 544, 401, 465, 529, 409, 537, 417, 481, 545, 402, 466, 530, 410, 474, 538, 418, 482, 546]
474: [401, 465, 529, 409, 473, 537, 417, 481, 545, 402, 466, 530, 410, 538, 418, 482, 546, 403, 467, 531, 411, 475, 539, 419, 483, 547]
475: [402, 466, 530, 410, 474, 538, 418, 482, 546, 403, 467, 531, 411, 539, 419, 483, 547, 404, 468, 532, 412, 476, 540, 420, 484, 548]
476: [403, 467, 531, 411, 475, 539, 419, 483, 547, 404, 468, 532, 412, 540, 420, 484, 548, 405, 469, 533, 413, 477, 541, 421, 485, 549]
477: [404, 468, 532, 412, 476, 540, 420, 484, 548, 405, 469, 533, 413, 541, 421, 485, 549, 406, 470, 534, 414, 478, 542, 422, 486, 550]
478: [405, 469, 533, 413, 477, 541, 421, 485, 549, 406, 470, 534, 414, 542, 422, 486, 550, 407, 471, 535, 415, 479, 543, 423, 487, 551]
479: [406, 470, 534, 414, 478, 542, 422, 486, 550, 407, 471, 535, 415, 543, 423, 487, 551]
480: [408, 472, 536, 416, 544, 424, 488, 552, 409, 473, 537, 417, 481, 545, 425, 489, 553]
481: [408, 472, 536, 416, 480, 544, 424, 488, 552, 409, 473, 537, 417, 545, 425, 489, 553, 410, 474, 538, 418, 482, 546, 426, 490, 554]
482: [409, 473, 537, 417, 481, 545, 425, 489, 553, 410, 474, 538, 418, 546, 426, 490, 554, 411, 475, 539, 419, 483, 547, 427, 491, 555]
483: [410, 474, 538, 418, 482, 546, 426, 490, 554, 411, 475, 539, 419, 547, 427, 491, 555, 412, 476, 540, 420, 484, 548, 428, 492, 556]
484: [411, 475, 539, 419, 483, 547, 427, 491, 555, 412, 476, 540, 420, 548, 428, 492, 556, 413, 477, 541, 421, 485, 549, 429, 493, 557]
485: [412, 476, 540, 420, 484, 548, 428, 492, 556, 413, 477, 541, 421, 549, 429, 493, 557, 414, 478, 542, 422, 486, 550, 430, 494, 558]
486: [413, 477, 541, 421, 485, 549, 429, 493, 557, 414, 478, 542, 422, 550, 430, 494, 558, 415, 479, 543, 423, 487, 551, 431, 495, 559]
487: [414, 478, 542, 422, 486, 550, 430, 494, 558, 415, 479, 543, 423, 551, 431, 495, 559]
488: [416, 480, 544, 424, 552, 432, 496, 560, 417, 481, 545, 425, 489, 553, 433, 497, 561]
489: [416, 480, 544, 424, 488, 552, 432, 496, 560, 417, 481, 545, 425, 553, 433, 497, 561, 418, 482, 546, 426, 490, 554, 434, 498, 562]
490: [417, 481, 545, 425, 489, 553, 433, 497, 561, 418, 482, 546, 426, 554, 434, 498, 562, 419, 483, 547, 427, 491, 555, 435, 499, 563]
491: [418, 482, 546, 426, 490, 554, 434, 498, 562, 419, 483, 547, 427, 555, 435, 499, 563, 420, 484, 548, 428, 492, 556, 436, 500, 564]
492: [419, 483, 547, 427, 491, 555, 435, 499, 563, 420, 484, 548, 428, 556, 436, 500, 564, 421, 485, 549, 429, 493, 557, 437, 501, 565]
493: [420, 484, 548, 428, 492, 556, 436, 500, 564, 421, 485, 549, 429, 557, 437, 501, 565, 422, 486, 550, 430, 494, 558, 438, 502, 566]
494: [421, 485, 549, 429, 493, 557, 437, 501, 565, 422, 486, 550, 430, 558, 438, 502, 566, 423, 487, 551, 431, 495, 559, 439, 503, 567]
495: [422, 486, 550, 430, 494, 558, 438, 502, 566, 423, 487, 551, 431, 559, 439, 503, 567]
496: [424, 488, 552, 432, 560, 440, 504, 568, 425, 489, 553, 433, 497, 561, 441, 505, 569]
497: [424, 488, 552, 432, 496, 560, 440, 504, 568, 425, 489, 553, 433, 561, 441, 505, 569, 426, 490, 554, 434, 498, 562, 442, 506, 570]
498: [425, 489, 553, 433, 497, 561, 441, 505, 569, 426, 490, 554, 434, 562, 442, 506, 570, 427, 491, 555, 435, 499, 563, 443, 507, 571]
499: [426, 490, 554, 434, 498, 562, 442, 506, 570, 427, 491, 555, 435, 563, 443, 507, 571, 428, 492, 556, 436, 500, 564, 444, 508, 572]
500: [427, 491, 555, 435, 499, 563, 443, 507, 571, 428, 492, 556, 436, 564, 444, 508, 572, 429, 493, 557, 437, 501, 565, 445, 509, 573]
501: [428, 492, 556, 436, 500, 564, 444, 508, 572, 429, 493, 557, 437, 565, 445, 509, 573, 430, 494, 558, 438, 502, 566, 446, 510, 574]
502: [429, 493, 557, 437, 501, 565, 445, 509, 573, 430, 494, 558, 438, 566, 446, 510, 574, 431, 495, 559, 439, 503, 567, 447, 511, 575]
503: [430, 494, 558, 438, 502, 566, 446, 510, 574, 431, 495, 559, 439, 567, 447, 511, 575]
504: [432, 496, 560, 440, 568, 433, 497, 561, 441, 505, 569]
505: [432, 496, 560, 440, 504, 568, 433, 497, 561, 441, 569, 434, 498, 562, 442, 506, 570]
506: [433, 497, 561, 441, 505, 569, 434, 498, 562, 442, 570, 435, 499, 563, 443, 507, 571]
507: [434, 498, 562, 442, 506, 570, 435, 499, 563, 443, 571, 436, 500, 564, 444, 508, 572]
508: [435, 499, 563, 443, 507, 571, 436, 500, 564, 444, 572, 437, 501, 565, 445, 509, 573]
509: [436, 500, 564, 444, 508, 572, 437, 501, 565, 445, 573, 438, 502, 566, 446, 510, 574]
510: [437, 501, 565, 445, 509, 573, 438, 502, 566, 446, 574, 439, 503, 567, 447, 511, 575]
511: [438, 502, 566, 446, 510, 574, 439, 503, 567, 447, 575]
512: [448, 456, 520, 449, 513, 457, 521]
513: [448, 512, 456, 520, 449, 457, 521, 450, 514, 458, 522]
514: [449, 513, 457, 521, 450, 458, 522, 451, 515, 459, 523]
515: [450, 514, 458, 522, 451, 459, 523, 452, 516, 460, 524]
516: [451, 515, 459, 523, 452, 460, 524, 453, 517, 461, 525]
517: [452, 516, 460, 524, 453, 461, 525, 454, 518, 462, 526]
518: [453, 517, 461, 525, 454, 462, 526, 455, 519, 463, 527]
519: [454, 518, 462, 526, 455, 463, 527]
520: [448, 512, 456, 464, 528, 449, 513, 457, 521, 465, 529]
521: [448, 512, 456, 520, 464, 528, 449, 513, 457, 465, 529, 450, 514, 458, 522, 466, 530]
522: [449, 513, 457, 521, 465, 529, 450, 514, 458, 466, 530, 451, 515, 459, 523, 467, 531]
523: [450, 514, 458, 522, 466, 530, 451, 515, 459, 467, 531, 452, 516, 460, 524, 468, 532]
524: [451, 515, 459, 523, 467, 531, 452, 516, 460, 468, 532, 453, 517, 461, 525, 469, 533]
525: [452, 516, 460, 524, 468, 532, 453, 517, 461, 469, 533, 454, 518, 462, 526, 470, 534]
526: [453, 517, 461, 525, 469, 533, 454, 518, 462, 470, 534, 455, 519, 463, 527, 471, 535]
527: [454, 518, 462, 526, 470, 534, 455, 519, 463, 471, 535]
528: [456, 520, 464, 472, 536, 457, 521, 465, 529, 473, 537]
529: [456, 520, 464, 528, 472, 536, 457, 521, 465, 473, 537, 458, 522, 466, 530, 474, 538]
530: [457, 521, 465, 529, 473, 537, 458, 522, 466, 474, 538, 459, 523, 467, 531, 475, 539]
531: [458, 522, 466, 530, 474, 538, 459, 523, 467, 475, 539, 460, 524, 468, 532, 476, 540]
532: [459, 523, 467, 531, 475, 539, 460, 524, 468, 476, 540, 461, 525, 469, 533, 477, 541]
533: [460, 524, 468, 532, 476, 540, 461, 525, 469, 477, 541, 462, 526, 470, 534, 478, 542]
534: [461, 525, 469, 533, 477, 541, 462, 526, 470, 478, 542, 463, 527, 471, 535, 479, 543]
535: [462, 526, 470, 534, 478, 542, 463, 527, 471, 479, 543]
536: [464, 528, 472, 480, 544, 465, 529, 473, 537, 481, 545]
537: [464, 528, 472, 536, 480, 544, 465, 529, 473, 481, 545, 466, 530, 474, 538, 482, 546]
538: [465, 529, 473, 537, 481, 545, 466, 530, 474, 482, 546, 467, 531, 475, 539, 483, 547]
539: [466, 530, 474, 538, 482, 546, 467, 531, 475, 483, 547, 468, 532, 476, 540, 484, 548]
540: [467, 531, 475, 539, 483, 547, 468, 532, 476, 484, 548, 469, 533, 477, 541, 485, 549]
541: [468, 532, 476, 540, 484, 548, 469, 533, 477, 485, 549, 470, 534, 478, 542, 486, 550]
542: [469, 533, 477, 541, 485, 549, 470, 534, 478, 486, 550, 471, 535, 479, 543, 487, 551]
543: [470, 534, 478, 542, 486, 550, 471, 535, 479, 487, 551]
544: [472, 536, 480, 488, 552, 473, 537, 481, 545, 489, 553]
545: [472, 536, 480, 544, 488, 552, 473, 537, 481, 489, 553, 474, 538, 482, 546, 490, 554]
546: [473, 537, 481, 545, 489, 553, 474, 538, 482, 490, 554, 475, 539, 483, 547, 491, 555]
547: [474, 538, 482, 546, 490, 554, 475, 539, 483, 491, 555, 476, 540, 484, 548, 492, 556]
548: [475, 539, 483, 547, 491, 555, 476, 540, 484, 492, 556, 477, 541, 485, 549, 493, 557]
549: [476, 540, 484, 548, 492, 556, 477, 541, 485, 493, 557, 478, 542, 486, 550, 494, 558]
550: [477, 541, 485, 549, 493, 557, 478, 542, 486, 494, 558, 479, 543, 487, 551, 495, 559]
551: [478, 542, 486, 550, 494, 558, 479, 543, 487, 495, 559]
552: [480, 544, 488, 496, 560, 481, 545, 489, 553, 497, 561]
553: [480, 544, 488, 552, 496, 560, 481, 545, 489, 497, 561, 482, 546, 490, 554, 498, 562]
554: [481, 545, 489, 553, 497, 561, 482, 546, 490, 498, 562, 483, 547, 491, 555, 499, 563]
555: [482, 546, 490, 554, 498, 562, 483, 547, 491, 499, 563, 484, 548, 492, 556, 500, 564]
556: [483, 547, 491, 555, 499, 563, 484, 548, 492, 500, 564, 485, 549, 493, 557, 501, 565]
557: [484, 548, 492, 556, 500, 564, 485, 549, 493, 501, 565, 486, 550, 494, 558, 502, 566]
558: [485, 549, 493, 557, 501, 565, 486, 550, 494, 502, 566, 487, 551, 495, 559, 503, 567]
559: [486, 550, 494, 558, 502, 566, 487, 551, 495, 503, 567]
560: [488, 552, 496, 504, 568, 489, 553, 497, 561, 505, 569]
561: [488, 552, 496, 560, 504, 568, 489, 553, 497, 505, 569, 490, 554, 498, 562, 506, 570]
562: [489, 553, 497, 561, 505, 569, 490, 554, 498, 506, 570, 491, 555, 499, 563, 507, 571]
563: [490, 554, 498, 562, 506, 570, 491, 555, 499, 507, 571, 492, 556, 500, 564, 508, 572]
564: [491, 555, 499, 563, 507, 571, 492, 556, 500, 508, 572, 493, 557, 501, 565, 509, 573]
565: [492, 556, 500, 564, 508, 572, 493, 557, 501, 509, 573, 494, 558, 502, 566, 510, 574]
566: [493, 557, 501, 565, 509, 573, 494, 558, 502, 510, 574, 495, 559, 503, 567, 511, 575]
567: [494, 558, 502, 566, 510, 574, 495, 559, 503, 511, 575]
568: [496, 560, 504, 497, 561, 505, 569]
569: [496, 560, 504, 568, 497, 561, 505, 498, 562, 506, 570]
570: [497, 561, 505, 569, 498, 562, 506, 499, 563, 507, 571]
571: [498, 562, 506, 570, 499, 563, 507, 500, 564, 508, 572]
572: [499, 563, 507, 571, 500, 564, 508, 501, 565, 509, 573]
573: [500, 564, 508, 572, 501, 565, 509, 502, 566, 510, 574]
574: [501, 565, 509, 573, 502, 566, 510, 503, 567, 511, 575]
575: [502, 566, 510, 574, 503, 567, 511]
