--- # 0
[1, -1, 3, 4, 2, -3, -2, -4, -9, -8, -10, -6, -5, -7, -12, -11, -13, 9, 10, 8, 12, 13, 11, 6, 7, 5]

--- # 1
[2, 0, 4, 5, 3, -2, -1, -3, -8, -7, -9, -5, -4, -6, -11, -10, -12, 10, 11, 9, 13, 14, 12, 7, 8, 6]

--- # 2
[3, 1, 5, 6, 4, -1, 0, -2, -7, -6, -8, -4, -3, -5, -10, -9, -11, 11, 12, 10, 14, 15, 13, 8, 9, 7]

--- # 3
[4, 2, 6, 7, 5, 0, 1, -1, -6, -5, -7, -3, -2, -4, -9, -8, -10, 12, 13, 11, 15, 16, 14, 9, 10, 8]

--- # 4
[5, 3, 7, 8, 6, 1, 2, 0, -5, -4, -6, -2, -1, -3, -8, -7, -9, 13, 14, 12, 16, 17, 15, 10, 11, 9]

--- # 5
[6, 4, 8, 9, 7, 2, 3, 1, -4, -3, -5, -1, 0, -2, -7, -6, -8, 14, 15, 13, 17, 18, 16, 11, 12, 10]

--- # 6
[7, 5, 9, 10, 8, 3, 4, 2, -3, -2, -4, 0, 1, -1, -6, -5, -7, 15, 16, 14, 18, 19, 17, 12, 13, 11]

--- # 7
[8, 6, 10, 11, 9, 4, 5, 3, -2, -1, -3, 1, 2, 0, -5, -4, -6, 16, 17, 15, 19, 20, 18, 13, 14, 12]

--- # 8
[9, 7, 11, 12, 10, 5, 6, 4, -1, 0, -2, 2, 3, 1, -4, -3, -5, 17, 18, 16, 20, 21, 19, 14, 15, 13]

--- # 9
[10, 8, 12, 13, 11, 6, 7, 5, 0, 1, -1, 3, 4, 2, -3, -2, -4, 18, 19, 17, 21, 22, 20, 15, 16, 14]

--- # 10
[11, 9, 13, 14, 12, 7, 8, 6, 1, 2, 0, 4, 5, 3, -2, -1, -3, 19, 20, 18, 22, 23, 21, 16, 17, 15]

--- # 11
[12, 10, 14, 15, 13, 8, 9, 7, 2, 3, 1, 5, 6, 4, -1, 0, -2, 20, 21, 19, 23, 24, 22, 17, 18, 16]

--- # 12
[13, 11, 15, 16, 14, 9, 10, 8, 3, 4, 2, 6, 7, 5, 0, 1, -1, 21, 22, 20, 24, 25, 23, 18, 19, 17]

--- # 13
[14, 12, 16, 17, 15, 10, 11, 9, 4, 5, 3, 7, 8, 6, 1, 2, 0, 22, 23, 21, 25, 26, 24, 19, 20, 18]

--- # 14
[15, 13, 17, 18, 16, 11, 12, 10, 5, 6, 4, 8, 9, 7, 2, 3, 1, 23, 24, 22, 26, 27, 25, 20, 21, 19]

--- # 15
[16, 14, 18, 19, 17, 12, 13, 11, 6, 7, 5, 9, 10, 8, 3, 4, 2, 24, 25, 23, 27, 28, 26, 21, 22, 20]

--- # 16
[17, 15, 19, 20, 18, 13, 14, 12, 7, 8, 6, 10, 11, 9, 4, 5, 3, 25, 26, 24, 28, 29, 27, 22, 23, 21]

--- # 17
[18, 16, 20, 21, 19, 14, 15, 13, 8, 9, 7, 11, 12, 10, 5, 6, 4, 26, 27, 25, 29, 30, 28, 23, 24, 22]

--- # 18
[19, 17, 21, 22, 20, 15, 16, 14, 9, 10, 8, 12, 13, 11, 6, 7, 5, 27, 28, 26, 30, 31, 29, 24, 25, 23]

--- # 19
[20, 18, 22, 23, 21, 16, 17, 15, 10, 11, 9, 13, 14, 12, 7, 8, 6, 28, 29, 27, 31, 32, 30, 25, 26, 24]

--- # 20
[21, 19, 23, 24, 22, 17, 18, 16, 11, 12, 10, 14, 15, 13, 8, 9, 7, 29, 30, 28, 32, 33, 31, 26, 27, 25]

--- # 21
[22, 20, 24, 25, 23, 18, 19, 17, 12, 13, 11, 15, 16, 14, 9, 10, 8, 30, 31, 29, 33, 34, 32, 27, 28, 26]

--- # 22
[23, 21, 25, 26, 24, 19, 20, 18, 13, 14, 12, 16, 17, 15, 10, 11, 9, 31, 32, 30, 34, 35, 33, 28, 29, 27]

--- # 23
[24, 22, 26, 27, 25, 20, 21, 19, 14, 15, 13, 17, 18, 16, 11, 12, 10, 32, 33, 31, 35, 36, 34, 29, 30, 28]

--- # 24
[25, 23, 27, 28, 26, 21, 22, 20, 15, 16, 14, 18, 19, 17, 12, 13, 11, 33, 34, 32, 36, 37, 35, 30, 31, 29]

--- # 25
[26, 24, 28, 29, 27, 22, 23, 21, 16, 17, 15, 19, 20, 18, 13, 14, 12, 34, 35, 33, 37, 38, 36, 31, 32, 30]

--- # 26
[27, 25, 29, 30, 28, 23, 24, 22, 17, 18, 16, 20, 21, 19, 14, 15, 13, 35, 36, 34, 38, 39, 37, 32, 33, 31]

--- # 27
[28, 26, 30, 31, 29, 24, 25, 23, 18, 19, 17, 21, 22, 20, 15, 16, 14, 36, 37, 35, 39, 40, 38, 33, 34, 32]

