--- # 0
[12 4 16 1 13 5 17]

--- # 1
[0 12 4 16 13 5 17 2 14 6 18]

--- # 2
[1 13 5 17 14 6 18 3 15 7 19]

--- # 3
[2 14 6 18 15 7 19]

--- # 4
[0 12 16 8 20 1 13 5 17 9 21]

--- # 5
[0 12 4 16 8 20 1 13 17 9 21 2 14 6 18 10 22]

--- # 6
[1 13 5 17 9 21 2 14 18 10 22 3 15 7 19 11 23]

--- # 7
[2 14 6 18 10 22 3 15 19 11 23]

--- # 8
[4 16 20 5 17 9 21]

--- # 9
[4 16 8 20 5 17 21 6 18 10 22]

--- # 10
[5 17 9 21 6 18 22 7 19 11 23]

--- # 11
[6 18 10 22 7 19 23]

--- # 12
[0 4 16 1 13 5 17]

--- # 13
[0 12 4 16 1 5 17 2 14 6 18]

--- # 14
[1 13 5 17 2 6 18 3 15 7 19]

--- # 15
[2 14 6 18 3 7 19]

--- # 16
[0 12 4 8 20 1 13 5 17 9 21]

--- # 17
[0 12 4 16 8 20 1 13 5 9 21 2 14 6 18 10 22]

--- # 18
[1 13 5 17 9 21 2 14 6 10 22 3 15 7 19 11 23]

--- # 19
[2 14 6 18 10 22 3 15 7 11 23]

--- # 20
[4 16 8 5 17 9 21]

--- # 21
[4 16 8 20 5 17 9 6 18 10 22]

--- # 22
[5 17 9 21 6 18 10 7 19 11 23]

--- # 23
[6 18 10 22 7 19 11]

