--- # 0
[20, 4, 24, 1, 21, 5, 25]

--- # 1
[0, 20, 4, 24, 21, 5, 25, 2, 22, 6, 26]

--- # 2
[1, 21, 5, 25, 22, 6, 26, 3, 23, 7, 27]

--- # 3
[2, 22, 6, 26, 23, 7, 27]

--- # 4
[0, 20, 24, 8, 28, 1, 21, 5, 25, 9, 29]

--- # 5
[0, 20, 4, 24, 8, 28, 1, 21, 25, 9, 29, 2, 22, 6, 26, 10, 30]

--- # 6
[1, 21, 5, 25, 9, 29, 2, 22, 26, 10, 30, 3, 23, 7, 27, 11, 31]

--- # 7
[2, 22, 6, 26, 10, 30, 3, 23, 27, 11, 31]

--- # 8
[4, 24, 28, 12, 32, 5, 25, 9, 29, 13, 33]

--- # 9
[4, 24, 8, 28, 12, 32, 5, 25, 29, 13, 33, 6, 26, 10, 30, 14, 34]

--- # 10
[5, 25, 9, 29, 13, 33, 6, 26, 30, 14, 34, 7, 27, 11, 31, 15, 35]

--- # 11
[6, 26, 10, 30, 14, 34, 7, 27, 31, 15, 35]

--- # 12
[8, 28, 32, 16, 36, 9, 29, 13, 33, 17, 37]

--- # 13
[8, 28, 12, 32, 16, 36, 9, 29, 33, 17, 37, 10, 30, 14, 34, 18, 38]

--- # 14
[9, 29, 13, 33, 17, 37, 10, 30, 34, 18, 38, 11, 31, 15, 35, 19, 39]

--- # 15
[10, 30, 14, 34, 18, 38, 11, 31, 35, 19, 39]

--- # 16
[12, 32, 36, 13, 33, 17, 37]

--- # 17
[12, 32, 16, 36, 13, 33, 37, 14, 34, 18, 38]

--- # 18
[13, 33, 17, 37, 14, 34, 38, 15, 35, 19, 39]

--- # 19
[14, 34, 18, 38, 15, 35, 39]

--- # 20
[0, 40, 4, 24, 44, 1, 21, 41, 5, 25, 45]

--- # 21
[0, 20, 40, 4, 24, 44, 1, 41, 5, 25, 45, 2, 22, 42, 6, 26, 46]

--- # 22
[1, 21, 41, 5, 25, 45, 2, 42, 6, 26, 46, 3, 23, 43, 7, 27, 47]

--- # 23
[2, 22, 42, 6, 26, 46, 3, 43, 7, 27, 47]

--- # 24
[0, 20, 40, 4, 44, 8, 28, 48, 1, 21, 41, 5, 25, 45, 9, 29, 49]

--- # 25
[0, 20, 40, 4, 24, 44, 8, 28, 48, 1, 21, 41, 5, 45, 9, 29, 49, 2, 22, 42, 6, 26, 46, 10, 30, 50]

--- # 26
[1, 21, 41, 5, 25, 45, 9, 29, 49, 2, 22, 42, 6, 46, 10, 30, 50, 3, 23, 43, 7, 27, 47, 11, 31, 51]

--- # 27
[2, 22, 42, 6, 26, 46, 10, 30, 50, 3, 23, 43, 7, 47, 11, 31, 51]

--- # 28
[4, 24, 44, 8, 48, 12, 32, 52, 5, 25, 45, 9, 29, 49, 13, 33, 53]

--- # 29
[4, 24, 44, 8, 28, 48, 12, 32, 52, 5, 25, 45, 9, 49, 13, 33, 53, 6, 26, 46, 10, 30, 50, 14, 34, 54]

--- # 30
[5, 25, 45, 9, 29, 49, 13, 33, 53, 6, 26, 46, 10, 50, 14, 34, 54, 7, 27, 47, 11, 31, 51, 15, 35, 55]

--- # 31
[6, 26, 46, 10, 30, 50, 14, 34, 54, 7, 27, 47, 11, 51, 15, 35, 55]

--- # 32
[8, 28, 48, 12, 52, 16, 36, 56, 9, 29, 49, 13, 33, 53, 17, 37, 57]

--- # 33
[8, 28, 48, 12, 32, 52, 16, 36, 56, 9, 29, 49, 13, 53, 17, 37, 57, 10, 30, 50, 14, 34, 54, 18, 38, 58]

--- # 34
[9, 29, 49, 13, 33, 53, 17, 37, 57, 10, 30, 50, 14, 54, 18, 38, 58, 11, 31, 51, 15, 35, 55, 19, 39, 59]

--- # 35
[10, 30, 50, 14, 34, 54, 18, 38, 58, 11, 31, 51, 15, 55, 19, 39, 59]

--- # 36
[12, 32, 52, 16, 56, 13, 33, 53, 17, 37, 57]

--- # 37
[12, 32, 52, 16, 36, 56, 13, 33, 53, 17, 57, 14, 34, 54, 18, 38, 58]

--- # 38
[13, 33, 53, 17, 37, 57, 14, 34, 54, 18, 58, 15, 35, 55, 19, 39, 59]

--- # 39
[14, 34, 54, 18, 38, 58, 15, 35, 55, 19, 59]

--- # 40
[20, 60, 24, 44, 64, 21, 41, 61, 25, 45, 65]

--- # 41
[20, 40, 60, 24, 44, 64, 21, 61, 25, 45, 65, 22, 42, 62, 26, 46, 66]

--- # 42
[21, 41, 61, 25, 45, 65, 22, 62, 26, 46, 66, 23, 43, 63, 27, 47, 67]

--- # 43
[22, 42, 62, 26, 46, 66, 23, 63, 27, 47, 67]

--- # 44
[20, 40, 60, 24, 64, 28, 48, 68, 21, 41, 61, 25, 45, 65, 29, 49, 69]

--- # 45
[20, 40, 60, 24, 44, 64, 28, 48, 68, 21, 41, 61, 25, 65, 29, 49, 69, 22, 42, 62, 26, 46, 66, 30, 50, 70]

--- # 46
[21, 41, 61, 25, 45, 65, 29, 49, 69, 22, 42, 62, 26, 66, 30, 50, 70, 23, 43, 63, 27, 47, 67, 31, 51, 71]

--- # 47
[22, 42, 62, 26, 46, 66, 30, 50, 70, 23, 43, 63, 27, 67, 31, 51, 71]

--- # 48
[24, 44, 64, 28, 68, 32, 52, 72, 25, 45, 65, 29, 49, 69, 33, 53, 73]

--- # 49
[24, 44, 64, 28, 48, 68, 32, 52, 72, 25, 45, 65, 29, 69, 33, 53, 73, 26, 46, 66, 30, 50, 70, 34, 54, 74]

--- # 50
[25, 45, 65, 29, 49, 69, 33, 53, 73, 26, 46, 66, 30, 70, 34, 54, 74, 27, 47, 67, 31, 51, 71, 35, 55, 75]

--- # 51
[26, 46, 66, 30, 50, 70, 34, 54, 74, 27, 47, 67, 31, 71, 35, 55, 75]

--- # 52
[28, 48, 68, 32, 72, 36, 56, 76, 29, 49, 69, 33, 53, 73, 37, 57, 77]

--- # 53
[28, 48, 68, 32, 52, 72, 36, 56, 76, 29, 49, 69, 33, 73, 37, 57, 77, 30, 50, 70, 34, 54, 74, 38, 58, 78]

--- # 54
[29, 49, 69, 33, 53, 73, 37, 57, 77, 30, 50, 70, 34, 74, 38, 58, 78, 31, 51, 71, 35, 55, 75, 39, 59, 79]

--- # 55
[30, 50, 70, 34, 54, 74, 38, 58, 78, 31, 51, 71, 35, 75, 39, 59, 79]

--- # 56
[32, 52, 72, 36, 76, 33, 53, 73, 37, 57, 77]

--- # 57
[32, 52, 72, 36, 56, 76, 33, 53, 73, 37, 77, 34, 54, 74, 38, 58, 78]

--- # 58
[33, 53, 73, 37, 57, 77, 34, 54, 74, 38, 78, 35, 55, 75, 39, 59, 79]

--- # 59
[34, 54, 74, 38, 58, 78, 35, 55, 75, 39, 79]

--- # 60
[40, 80, 44, 64, 84, 41, 61, 81, 45, 65, 85]

--- # 61
[40, 60, 80, 44, 64, 84, 41, 81, 45, 65, 85, 42, 62, 82, 46, 66, 86]

--- # 62
[41, 61, 81, 45, 65, 85, 42, 82, 46, 66, 86, 43, 63, 83, 47, 67, 87]

--- # 63
[42, 62, 82, 46, 66, 86, 43, 83, 47, 67, 87]

--- # 64
[40, 60, 80, 44, 84, 48, 68, 88, 41, 61, 81, 45, 65, 85, 49, 69, 89]

--- # 65
[40, 60, 80, 44, 64, 84, 48, 68, 88, 41, 61, 81, 45, 85, 49, 69, 89, 42, 62, 82, 46, 66, 86, 50, 70, 90]

--- # 66
[41, 61, 81, 45, 65, 85, 49, 69, 89, 42, 62, 82, 46, 86, 50, 70, 90, 43, 63, 83, 47, 67, 87, 51, 71, 91]

--- # 67
[42, 62, 82, 46, 66, 86, 50, 70, 90, 43, 63, 83, 47, 87, 51, 71, 91]

--- # 68
[44, 64, 84, 48, 88, 52, 72, 92, 45, 65, 85, 49, 69, 89, 53, 73, 93]

--- # 69
[44, 64, 84, 48, 68, 88, 52, 72, 92, 45, 65, 85, 49, 89, 53, 73, 93, 46, 66, 86, 50, 70, 90, 54, 74, 94]

--- # 70
[45, 65, 85, 49, 69, 89, 53, 73, 93, 46, 66, 86, 50, 90, 54, 74, 94, 47, 67, 87, 51, 71, 91, 55, 75, 95]

--- # 71
[46, 66, 86, 50, 70, 90, 54, 74, 94, 47, 67, 87, 51, 91, 55, 75, 95]

--- # 72
[48, 68, 88, 52, 92, 56, 76, 96, 49, 69, 89, 53, 73, 93, 57, 77, 97]

--- # 73
[48, 68, 88, 52, 72, 92, 56, 76, 96, 49, 69, 89, 53, 93, 57, 77, 97, 50, 70, 90, 54, 74, 94, 58, 78, 98]

--- # 74
[49, 69, 89, 53, 73, 93, 57, 77, 97, 50, 70, 90, 54, 94, 58, 78, 98, 51, 71, 91, 55, 75, 95, 59, 79, 99]

--- # 75
[50, 70, 90, 54, 74, 94, 58, 78, 98, 51, 71, 91, 55, 95, 59, 79, 99]

--- # 76
[52, 72, 92, 56, 96, 53, 73, 93, 57, 77, 97]

--- # 77
[52, 72, 92, 56, 76, 96, 53, 73, 93, 57, 97, 54, 74, 94, 58, 78, 98]

--- # 78
[53, 73, 93, 57, 77, 97, 54, 74, 94, 58, 98, 55, 75, 95, 59, 79, 99]

--- # 79
[54, 74, 94, 58, 78, 98, 55, 75, 95, 59, 99]

--- # 80
[60, 64, 84, 61, 81, 65, 85]

--- # 81
[60, 80, 64, 84, 61, 65, 85, 62, 82, 66, 86]

--- # 82
[61, 81, 65, 85, 62, 66, 86, 63, 83, 67, 87]

--- # 83
[62, 82, 66, 86, 63, 67, 87]

--- # 84
[60, 80, 64, 68, 88, 61, 81, 65, 85, 69, 89]

--- # 85
[60, 80, 64, 84, 68, 88, 61, 81, 65, 69, 89, 62, 82, 66, 86, 70, 90]

--- # 86
[61, 81, 65, 85, 69, 89, 62, 82, 66, 70, 90, 63, 83, 67, 87, 71, 91]

--- # 87
[62, 82, 66, 86, 70, 90, 63, 83, 67, 71, 91]

--- # 88
[64, 84, 68, 72, 92, 65, 85, 69, 89, 73, 93]

--- # 89
[64, 84, 68, 88, 72, 92, 65, 85, 69, 73, 93, 66, 86, 70, 90, 74, 94]

--- # 90
[65, 85, 69, 89, 73, 93, 66, 86, 70, 74, 94, 67, 87, 71, 91, 75, 95]

--- # 91
[66, 86, 70, 90, 74, 94, 67, 87, 71, 75, 95]

--- # 92
[68, 88, 72, 76, 96, 69, 89, 73, 93, 77, 97]

--- # 93
[68, 88, 72, 92, 76, 96, 69, 89, 73, 77, 97, 70, 90, 74, 94, 78, 98]

--- # 94
[69, 89, 73, 93, 77, 97, 70, 90, 74, 78, 98, 71, 91, 75, 95, 79, 99]

--- # 95
[70, 90, 74, 94, 78, 98, 71, 91, 75, 79, 99]

--- # 96
[72, 92, 76, 73, 93, 77, 97]

--- # 97
[72, 92, 76, 96, 73, 93, 77, 74, 94, 78, 98]

--- # 98
[73, 93, 77, 97, 74, 94, 78, 75, 95, 79, 99]

--- # 99
[74, 94, 78, 98, 75, 95, 79]

