--- # 0
[36 6 42 1 37 7 43]

--- # 1
[0 36 6 42 37 7 43 2 38 8 44]

--- # 2
[1 37 7 43 38 8 44 3 39 9 45]

--- # 3
[2 38 8 44 39 9 45 4 40 10 46]

--- # 4
[3 39 9 45 40 10 46 5 41 11 47]

--- # 5
[4 40 10 46 41 11 47]

--- # 6
[0 36 42 12 48 1 37 7 43 13 49]

--- # 7
[0 36 6 42 12 48 1 37 43 13 49 2 38 8 44 14 50]

--- # 8
[1 37 7 43 13 49 2 38 44 14 50 3 39 9 45 15 51]

--- # 9
[2 38 8 44 14 50 3 39 45 15 51 4 40 10 46 16 52]

--- # 10
[3 39 9 45 15 51 4 40 46 16 52 5 41 11 47 17 53]

--- # 11
[4 40 10 46 16 52 5 41 47 17 53]

--- # 12
[6 42 48 18 54 7 43 13 49 19 55]

--- # 13
[6 42 12 48 18 54 7 43 49 19 55 8 44 14 50 20 56]

--- # 14
[7 43 13 49 19 55 8 44 50 20 56 9 45 15 51 21 57]

--- # 15
[8 44 14 50 20 56 9 45 51 21 57 10 46 16 52 22 58]

--- # 16
[9 45 15 51 21 57 10 46 52 22 58 11 47 17 53 23 59]

--- # 17
[10 46 16 52 22 58 11 47 53 23 59]

--- # 18
[12 48 54 24 60 13 49 19 55 25 61]

--- # 19
[12 48 18 54 24 60 13 49 55 25 61 14 50 20 56 26 62]

--- # 20
[13 49 19 55 25 61 14 50 56 26 62 15 51 21 57 27 63]

--- # 21
[14 50 20 56 26 62 15 51 57 27 63 16 52 22 58 28 64]

--- # 22
[15 51 21 57 27 63 16 52 58 28 64 17 53 23 59 29 65]

--- # 23
[16 52 22 58 28 64 17 53 59 29 65]

--- # 24
[18 54 60 30 66 19 55 25 61 31 67]

--- # 25
[18 54 24 60 30 66 19 55 61 31 67 20 56 26 62 32 68]

--- # 26
[19 55 25 61 31 67 20 56 62 32 68 21 57 27 63 33 69]

--- # 27
[20 56 26 62 32 68 21 57 63 33 69 22 58 28 64 34 70]

--- # 28
[21 57 27 63 33 69 22 58 64 34 70 23 59 29 65 35 71]

--- # 29
[22 58 28 64 34 70 23 59 65 35 71]

--- # 30
[24 60 66 25 61 31 67]

--- # 31
[24 60 30 66 25 61 67 26 62 32 68]

--- # 32
[25 61 31 67 26 62 68 27 63 33 69]

--- # 33
[26 62 32 68 27 63 69 28 64 34 70]

--- # 34
[27 63 33 69 28 64 70 29 65 35 71]

--- # 35
[28 64 34 70 29 65 71]

--- # 36
[0 72 6 42 78 1 37 73 7 43 79]

--- # 37
[0 36 72 6 42 78 1 73 7 43 79 2 38 74 8 44 80]

--- # 38
[1 37 73 7 43 79 2 74 8 44 80 3 39 75 9 45 81]

--- # 39
[2 38 74 8 44 80 3 75 9 45 81 4 40 76 10 46 82]

--- # 40
[3 39 75 9 45 81 4 76 10 46 82 5 41 77 11 47 83]

--- # 41
[4 40 76 10 46 82 5 77 11 47 83]

--- # 42
[0 36 72 6 78 12 48 84 1 37 73 7 43 79 13 49 85]

--- # 43
[0 36 72 6 42 78 12 48 84 1 37 73 7 79 13 49 85 2 38 74 8 44 80 14 50 86]

--- # 44
[1 37 73 7 43 79 13 49 85 2 38 74 8 80 14 50 86 3 39 75 9 45 81 15 51 87]

--- # 45
[2 38 74 8 44 80 14 50 86 3 39 75 9 81 15 51 87 4 40 76 10 46 82 16 52 88]

--- # 46
[3 39 75 9 45 81 15 51 87 4 40 76 10 82 16 52 88 5 41 77 11 47 83 17 53 89]

--- # 47
[4 40 76 10 46 82 16 52 88 5 41 77 11 83 17 53 89]

--- # 48
[6 42 78 12 84 18 54 90 7 43 79 13 49 85 19 55 91]

--- # 49
[6 42 78 12 48 84 18 54 90 7 43 79 13 85 19 55 91 8 44 80 14 50 86 20 56 92]

--- # 50
[7 43 79 13 49 85 19 55 91 8 44 80 14 86 20 56 92 9 45 81 15 51 87 21 57 93]

--- # 51
[8 44 80 14 50 86 20 56 92 9 45 81 15 87 21 57 93 10 46 82 16 52 88 22 58 94]

--- # 52
[9 45 81 15 51 87 21 57 93 10 46 82 16 88 22 58 94 11 47 83 17 53 89 23 59 95]

--- # 53
[10 46 82 16 52 88 22 58 94 11 47 83 17 89 23 59 95]

--- # 54
[12 48 84 18 90 24 60 96 13 49 85 19 55 91 25 61 97]

--- # 55
[12 48 84 18 54 90 24 60 96 13 49 85 19 91 25 61 97 14 50 86 20 56 92 26 62 98]

--- # 56
[13 49 85 19 55 91 25 61 97 14 50 86 20 92 26 62 98 15 51 87 21 57 93 27 63 99]

--- # 57
[14 50 86 20 56 92 26 62 98 15 51 87 21 93 27 63 99 16 52 88 22 58 94 28 64 100]

--- # 58
[15 51 87 21 57 93 27 63 99 16 52 88 22 94 28 64 100 17 53 89 23 59 95 29 65 101]

--- # 59
[16 52 88 22 58 94 28 64 100 17 53 89 23 95 29 65 101]

--- # 60
[18 54 90 24 96 30 66 102 19 55 91 25 61 97 31 67 103]

--- # 61
[18 54 90 24 60 96 30 66 102 19 55 91 25 97 31 67 103 20 56 92 26 62 98 32 68 104]

--- # 62
[19 55 91 25 61 97 31 67 103 20 56 92 26 98 32 68 104 21 57 93 27 63 99 33 69 105]

--- # 63
[20 56 92 26 62 98 32 68 104 21 57 93 27 99 33 69 105 22 58 94 28 64 100 34 70 106]

--- # 64
[21 57 93 27 63 99 33 69 105 22 58 94 28 100 34 70 106 23 59 95 29 65 101 35 71 107]

--- # 65
[22 58 94 28 64 100 34 70 106 23 59 95 29 101 35 71 107]

--- # 66
[24 60 96 30 102 25 61 97 31 67 103]

--- # 67
[24 60 96 30 66 102 25 61 97 31 103 26 62 98 32 68 104]

--- # 68
[25 61 97 31 67 103 26 62 98 32 104 27 63 99 33 69 105]

--- # 69
[26 62 98 32 68 104 27 63 99 33 105 28 64 100 34 70 106]

--- # 70
[27 63 99 33 69 105 28 64 100 34 106 29 65 101 35 71 107]

--- # 71
[28 64 100 34 70 106 29 65 101 35 107]

--- # 72
[36 108 42 78 114 37 73 109 43 79 115]

--- # 73
[36 72 108 42 78 114 37 109 43 79 115 38 74 110 44 80 116]

--- # 74
[37 73 109 43 79 115 38 110 44 80 116 39 75 111 45 81 117]

--- # 75
[38 74 110 44 80 116 39 111 45 81 117 40 76 112 46 82 118]

--- # 76
[39 75 111 45 81 117 40 112 46 82 118 41 77 113 47 83 119]

--- # 77
[40 76 112 46 82 118 41 113 47 83 119]

--- # 78
[36 72 108 42 114 48 84 120 37 73 109 43 79 115 49 85 121]

--- # 79
[36 72 108 42 78 114 48 84 120 37 73 109 43 115 49 85 121 38 74 110 44 80 116 50 86 122]

--- # 80
[37 73 109 43 79 115 49 85 121 38 74 110 44 116 50 86 122 39 75 111 45 81 117 51 87 123]

--- # 81
[38 74 110 44 80 116 50 86 122 39 75 111 45 117 51 87 123 40 76 112 46 82 118 52 88 124]

--- # 82
[39 75 111 45 81 117 51 87 123 40 76 112 46 118 52 88 124 41 77 113 47 83 119 53 89 125]

--- # 83
[40 76 112 46 82 118 52 88 124 41 77 113 47 119 53 89 125]

--- # 84
[42 78 114 48 120 54 90 126 43 79 115 49 85 121 55 91 127]

--- # 85
[42 78 114 48 84 120 54 90 126 43 79 115 49 121 55 91 127 44 80 116 50 86 122 56 92 128]

--- # 86
[43 79 115 49 85 121 55 91 127 44 80 116 50 122 56 92 128 45 81 117 51 87 123 57 93 129]

--- # 87
[44 80 116 50 86 122 56 92 128 45 81 117 51 123 57 93 129 46 82 118 52 88 124 58 94 130]

--- # 88
[45 81 117 51 87 123 57 93 129 46 82 118 52 124 58 94 130 47 83 119 53 89 125 59 95 131]

--- # 89
[46 82 118 52 88 124 58 94 130 47 83 119 53 125 59 95 131]

--- # 90
[48 84 120 54 126 60 96 132 49 85 121 55 91 127 61 97 133]

--- # 91
[48 84 120 54 90 126 60 96 132 49 85 121 55 127 61 97 133 50 86 122 56 92 128 62 98 134]

--- # 92
[49 85 121 55 91 127 61 97 133 50 86 122 56 128 62 98 134 51 87 123 57 93 129 63 99 135]

--- # 93
[50 86 122 56 92 128 62 98 134 51 87 123 57 129 63 99 135 52 88 124 58 94 130 64 100 136]

--- # 94
[51 87 123 57 93 129 63 99 135 52 88 124 58 130 64 100 136 53 89 125 59 95 131 65 101 137]

--- # 95
[52 88 124 58 94 130 64 100 136 53 89 125 59 131 65 101 137]

--- # 96
[54 90 126 60 132 66 102 138 55 91 127 61 97 133 67 103 139]

--- # 97
[54 90 126 60 96 132 66 102 138 55 91 127 61 133 67 103 139 56 92 128 62 98 134 68 104 140]

--- # 98
[55 91 127 61 97 133 67 103 139 56 92 128 62 134 68 104 140 57 93 129 63 99 135 69 105 141]

--- # 99
[56 92 128 62 98 134 68 104 140 57 93 129 63 135 69 105 141 58 94 130 64 100 136 70 106 142]

--- # 100
[57 93 129 63 99 135 69 105 141 58 94 130 64 136 70 106 142 59 95 131 65 101 137 71 107 143]

--- # 101
[58 94 130 64 100 136 70 106 142 59 95 131 65 137 71 107 143]

--- # 102
[60 96 132 66 138 61 97 133 67 103 139]

--- # 103
[60 96 132 66 102 138 61 97 133 67 139 62 98 134 68 104 140]

--- # 104
[61 97 133 67 103 139 62 98 134 68 140 63 99 135 69 105 141]

--- # 105
[62 98 134 68 104 140 63 99 135 69 141 64 100 136 70 106 142]

--- # 106
[63 99 135 69 105 141 64 100 136 70 142 65 101 137 71 107 143]

--- # 107
[64 100 136 70 106 142 65 101 137 71 143]

--- # 108
[72 144 78 114 150 73 109 145 79 115 151]

--- # 109
[72 108 144 78 114 150 73 145 79 115 151 74 110 146 80 116 152]

--- # 110
[73 109 145 79 115 151 74 146 80 116 152 75 111 147 81 117 153]

--- # 111
[74 110 146 80 116 152 75 147 81 117 153 76 112 148 82 118 154]

--- # 112
[75 111 147 81 117 153 76 148 82 118 154 77 113 149 83 119 155]

--- # 113
[76 112 148 82 118 154 77 149 83 119 155]

--- # 114
[72 108 144 78 150 84 120 156 73 109 145 79 115 151 85 121 157]

--- # 115
[72 108 144 78 114 150 84 120 156 73 109 145 79 151 85 121 157 74 110 146 80 116 152 86 122 158]

--- # 116
[73 109 145 79 115 151 85 121 157 74 110 146 80 152 86 122 158 75 111 147 81 117 153 87 123 159]

--- # 117
[74 110 146 80 116 152 86 122 158 75 111 147 81 153 87 123 159 76 112 148 82 118 154 88 124 160]

--- # 118
[75 111 147 81 117 153 87 123 159 76 112 148 82 154 88 124 160 77 113 149 83 119 155 89 125 161]

--- # 119
[76 112 148 82 118 154 88 124 160 77 113 149 83 155 89 125 161]

--- # 120
[78 114 150 84 156 90 126 162 79 115 151 85 121 157 91 127 163]

--- # 121
[78 114 150 84 120 156 90 126 162 79 115 151 85 157 91 127 163 80 116 152 86 122 158 92 128 164]

--- # 122
[79 115 151 85 121 157 91 127 163 80 116 152 86 158 92 128 164 81 117 153 87 123 159 93 129 165]

--- # 123
[80 116 152 86 122 158 92 128 164 81 117 153 87 159 93 129 165 82 118 154 88 124 160 94 130 166]

--- # 124
[81 117 153 87 123 159 93 129 165 82 118 154 88 160 94 130 166 83 119 155 89 125 161 95 131 167]

--- # 125
[82 118 154 88 124 160 94 130 166 83 119 155 89 161 95 131 167]

--- # 126
[84 120 156 90 162 96 132 168 85 121 157 91 127 163 97 133 169]

--- # 127
[84 120 156 90 126 162 96 132 168 85 121 157 91 163 97 133 169 86 122 158 92 128 164 98 134 170]

--- # 128
[85 121 157 91 127 163 97 133 169 86 122 158 92 164 98 134 170 87 123 159 93 129 165 99 135 171]

--- # 129
[86 122 158 92 128 164 98 134 170 87 123 159 93 165 99 135 171 88 124 160 94 130 166 100 136 172]

--- # 130
[87 123 159 93 129 165 99 135 171 88 124 160 94 166 100 136 172 89 125 161 95 131 167 101 137 173]

--- # 131
[88 124 160 94 130 166 100 136 172 89 125 161 95 167 101 137 173]

--- # 132
[90 126 162 96 168 102 138 174 91 127 163 97 133 169 103 139 175]

--- # 133
[90 126 162 96 132 168 102 138 174 91 127 163 97 169 103 139 175 92 128 164 98 134 170 104 140 176]

--- # 134
[91 127 163 97 133 169 103 139 175 92 128 164 98 170 104 140 176 93 129 165 99 135 171 105 141 177]

--- # 135
[92 128 164 98 134 170 104 140 176 93 129 165 99 171 105 141 177 94 130 166 100 136 172 106 142 178]

--- # 136
[93 129 165 99 135 171 105 141 177 94 130 166 100 172 106 142 178 95 131 167 101 137 173 107 143 179]

--- # 137
[94 130 166 100 136 172 106 142 178 95 131 167 101 173 107 143 179]

--- # 138
[96 132 168 102 174 97 133 169 103 139 175]

--- # 139
[96 132 168 102 138 174 97 133 169 103 175 98 134 170 104 140 176]

--- # 140
[97 133 169 103 139 175 98 134 170 104 176 99 135 171 105 141 177]

--- # 141
[98 134 170 104 140 176 99 135 171 105 177 100 136 172 106 142 178]

--- # 142
[99 135 171 105 141 177 100 136 172 106 178 101 137 173 107 143 179]

--- # 143
[100 136 172 106 142 178 101 137 173 107 179]

--- # 144
[108 180 114 150 186 109 145 181 115 151 187]

--- # 145
[108 144 180 114 150 186 109 181 115 151 187 110 146 182 116 152 188]

--- # 146
[109 145 181 115 151 187 110 182 116 152 188 111 147 183 117 153 189]

--- # 147
[110 146 182 116 152 188 111 183 117 153 189 112 148 184 118 154 190]

--- # 148
[111 147 183 117 153 189 112 184 118 154 190 113 149 185 119 155 191]

--- # 149
[112 148 184 118 154 190 113 185 119 155 191]

--- # 150
[108 144 180 114 186 120 156 192 109 145 181 115 151 187 121 157 193]

--- # 151
[108 144 180 114 150 186 120 156 192 109 145 181 115 187 121 157 193 110 146 182 116 152 188 122 158 194]

--- # 152
[109 145 181 115 151 187 121 157 193 110 146 182 116 188 122 158 194 111 147 183 117 153 189 123 159 195]

--- # 153
[110 146 182 116 152 188 122 158 194 111 147 183 117 189 123 159 195 112 148 184 118 154 190 124 160 196]

--- # 154
[111 147 183 117 153 189 123 159 195 112 148 184 118 190 124 160 196 113 149 185 119 155 191 125 161 197]

--- # 155
[112 148 184 118 154 190 124 160 196 113 149 185 119 191 125 161 197]

--- # 156
[114 150 186 120 192 126 162 198 115 151 187 121 157 193 127 163 199]

--- # 157
[114 150 186 120 156 192 126 162 198 115 151 187 121 193 127 163 199 116 152 188 122 158 194 128 164 200]

--- # 158
[115 151 187 121 157 193 127 163 199 116 152 188 122 194 128 164 200 117 153 189 123 159 195 129 165 201]

--- # 159
[116 152 188 122 158 194 128 164 200 117 153 189 123 195 129 165 201 118 154 190 124 160 196 130 166 202]

--- # 160
[117 153 189 123 159 195 129 165 201 118 154 190 124 196 130 166 202 119 155 191 125 161 197 131 167 203]

--- # 161
[118 154 190 124 160 196 130 166 202 119 155 191 125 197 131 167 203]

--- # 162
[120 156 192 126 198 132 168 204 121 157 193 127 163 199 133 169 205]

--- # 163
[120 156 192 126 162 198 132 168 204 121 157 193 127 199 133 169 205 122 158 194 128 164 200 134 170 206]

--- # 164
[121 157 193 127 163 199 133 169 205 122 158 194 128 200 134 170 206 123 159 195 129 165 201 135 171 207]

--- # 165
[122 158 194 128 164 200 134 170 206 123 159 195 129 201 135 171 207 124 160 196 130 166 202 136 172 208]

--- # 166
[123 159 195 129 165 201 135 171 207 124 160 196 130 202 136 172 208 125 161 197 131 167 203 137 173 209]

--- # 167
[124 160 196 130 166 202 136 172 208 125 161 197 131 203 137 173 209]

--- # 168
[126 162 198 132 204 138 174 210 127 163 199 133 169 205 139 175 211]

--- # 169
[126 162 198 132 168 204 138 174 210 127 163 199 133 205 139 175 211 128 164 200 134 170 206 140 176 212]

--- # 170
[127 163 199 133 169 205 139 175 211 128 164 200 134 206 140 176 212 129 165 201 135 171 207 141 177 213]

--- # 171
[128 164 200 134 170 206 140 176 212 129 165 201 135 207 141 177 213 130 166 202 136 172 208 142 178 214]

--- # 172
[129 165 201 135 171 207 141 177 213 130 166 202 136 208 142 178 214 131 167 203 137 173 209 143 179 215]

--- # 173
[130 166 202 136 172 208 142 178 214 131 167 203 137 209 143 179 215]

--- # 174
[132 168 204 138 210 133 169 205 139 175 211]

--- # 175
[132 168 204 138 174 210 133 169 205 139 211 134 170 206 140 176 212]

--- # 176
[133 169 205 139 175 211 134 170 206 140 212 135 171 207 141 177 213]

--- # 177
[134 170 206 140 176 212 135 171 207 141 213 136 172 208 142 178 214]

--- # 178
[135 171 207 141 177 213 136 172 208 142 214 137 173 209 143 179 215]

--- # 179
[136 172 208 142 178 214 137 173 209 143 215]

--- # 180
[144 150 186 145 181 151 187]

--- # 181
[144 180 150 186 145 151 187 146 182 152 188]

--- # 182
[145 181 151 187 146 152 188 147 183 153 189]

--- # 183
[146 182 152 188 147 153 189 148 184 154 190]

--- # 184
[147 183 153 189 148 154 190 149 185 155 191]

--- # 185
[148 184 154 190 149 155 191]

--- # 186
[144 180 150 156 192 145 181 151 187 157 193]

--- # 187
[144 180 150 186 156 192 145 181 151 157 193 146 182 152 188 158 194]

--- # 188
[145 181 151 187 157 193 146 182 152 158 194 147 183 153 189 159 195]

--- # 189
[146 182 152 188 158 194 147 183 153 159 195 148 184 154 190 160 196]

--- # 190
[147 183 153 189 159 195 148 184 154 160 196 149 185 155 191 161 197]

--- # 191
[148 184 154 190 160 196 149 185 155 161 197]

--- # 192
[150 186 156 162 198 151 187 157 193 163 199]

--- # 193
[150 186 156 192 162 198 151 187 157 163 199 152 188 158 194 164 200]

--- # 194
[151 187 157 193 163 199 152 188 158 164 200 153 189 159 195 165 201]

--- # 195
[152 188 158 194 164 200 153 189 159 165 201 154 190 160 196 166 202]

--- # 196
[153 189 159 195 165 201 154 190 160 166 202 155 191 161 197 167 203]

--- # 197
[154 190 160 196 166 202 155 191 161 167 203]

--- # 198
[156 192 162 168 204 157 193 163 199 169 205]

--- # 199
[156 192 162 198 168 204 157 193 163 169 205 158 194 164 200 170 206]

--- # 200
[157 193 163 199 169 205 158 194 164 170 206 159 195 165 201 171 207]

--- # 201
[158 194 164 200 170 206 159 195 165 171 207 160 196 166 202 172 208]

--- # 202
[159 195 165 201 171 207 160 196 166 172 208 161 197 167 203 173 209]

--- # 203
[160 196 166 202 172 208 161 197 167 173 209]

--- # 204
[162 198 168 174 210 163 199 169 205 175 211]

--- # 205
[162 198 168 204 174 210 163 199 169 175 211 164 200 170 206 176 212]

--- # 206
[163 199 169 205 175 211 164 200 170 176 212 165 201 171 207 177 213]

--- # 207
[164 200 170 206 176 212 165 201 171 177 213 166 202 172 208 178 214]

--- # 208
[165 201 171 207 177 213 166 202 172 178 214 167 203 173 209 179 215]

--- # 209
[166 202 172 208 178 214 167 203 173 179 215]

--- # 210
[168 204 174 169 205 175 211]

--- # 211
[168 204 174 210 169 205 175 170 206 176 212]

--- # 212
[169 205 175 211 170 206 176 171 207 177 213]

--- # 213
[170 206 176 212 171 207 177 172 208 178 214]

--- # 214
[171 207 177 213 172 208 178 173 209 179 215]

--- # 215
[172 208 178 214 173 209 179]

--- # Corners
[Corners 0 5 30 35 180 185 210 215]

