0: [9, 3, 12, 1, 10, 4, 13]
1: [0, 9, 3, 12, 10, 4, 13, 2, 11, 5, 14]
2: [1, 10, 4, 13, 11, 5, 14]
3: [0, 9, 12, 6, 15, 1, 10, 4, 13, 7, 16]
4: [0, 9, 3, 12, 6, 15, 1, 10, 13, 7, 16, 2, 11, 5, 14, 8, 17]
5: [1, 10, 4, 13, 7, 16, 2, 11, 14, 8, 17]
6: [3, 12, 15, 4, 13, 7, 16]
7: [3, 12, 6, 15, 4, 13, 16, 5, 14, 8, 17]
8: [4, 13, 7, 16, 5, 14, 17]
9: [0, 18, 3, 12, 21, 1, 10, 19, 4, 13, 22]
10: [0, 9, 18, 3, 12, 21, 1, 19, 4, 13, 22, 2, 11, 20, 5, 14, 23]
11: [1, 10, 19, 4, 13, 22, 2, 20, 5, 14, 23]
12: [0, 9, 18, 3, 21, 6, 15, 24, 1, 10, 19, 4, 13, 22, 7, 16, 25]
13: [0, 9, 18, 3, 12, 21, 6, 15, 24, 1, 10, 19, 4, 22, 7, 16, 25, 2, 11, 20, 5, 14, 23, 8, 17, 26]
14: [1, 10, 19, 4, 13, 22, 7, 16, 25, 2, 11, 20, 5, 23, 8, 17, 26]
15: [3, 12, 21, 6, 24, 4, 13, 22, 7, 16, 25]
16: [3, 12, 21, 6, 15, 24, 4, 13, 22, 7, 25, 5, 14, 23, 8, 17, 26]
17: [4, 13, 22, 7, 16, 25, 5, 14, 23, 8, 26]
18: [9, 12, 21, 10, 19, 13, 22]
19: [9, 18, 12, 21, 10, 13, 22, 11, 20, 14, 23]
20: [10, 19, 13, 22, 11, 14, 23]
21: [9, 18, 12, 15, 24, 10, 19, 13, 22, 16, 25]
22: [9, 18, 12, 21, 15, 24, 10, 19, 13, 16, 25, 11, 20, 14, 23, 17, 26]
23: [10, 19, 13, 22, 16, 25, 11, 20, 14, 17, 26]
24: [12, 21, 15, 13, 22, 16, 25]
25: [12, 21, 15, 24, 13, 22, 16, 14, 23, 17, 26]
26: [13, 22, 16, 25, 14, 23, 17]
Corners: [0, 2, 6, 8, 18, 20, 24, 26]
