0: [1, 4, 6, 7, 10, 13, 16, 21, 33, 43, 44, 50, 59, 63, 71, 74, 75, 77, 79, 82, 83, 96, 113, 142, 143, 150, 163, 165, 168, 170, 182, 186, 187, 190, 205, 207, 211, 221, 222]
1: [0, 2, 3, 4, 5, 6, 7, 8, 9, 16, 22, 23, 24, 25, 32, 36, 47, 48, 50, 56, 64, 76, 103, 108, 113, 121, 124, 159, 163, 185, 207, 216]
2: [1, 3, 11, 13, 17, 32, 122, 132, 138, 164, 169, 210]
3: [2, 1, 5, 10, 14, 18, 37, 41, 47, 57, 93, 124, 166, 208]
4: [1, 0, 9, 19, 26, 29, 42, 49, 51, 72, 100, 112, 120, 136, 146, 153, 160, 172, 191, 194, 201]
5: [3, 1, 24, 28, 33, 37, 39, 91, 133, 147, 161, 197, 200]
6: [1, 0, 8, 14, 20, 21, 31, 34, 36, 39, 74, 80, 99, 104, 139, 145, 168, 171, 174]
7: [1, 0, 12, 61, 109, 120, 223]
8: [1, 6, 11, 22, 57, 110, 141]
9: [4, 1, 27]
10: [0, 3, 12, 15, 20, 52, 55, 56, 62, 92, 109, 142, 178, 206]
11: [2, 8, 26, 78, 94, 95, 106]
12: [10, 7, 58, 105, 128, 188]
13: [0, 2, 29, 31, 34, 51, 86, 104]
14: [6, 3, 15, 18, 27, 30, 54, 66, 80, 92, 97, 102, 105, 112, 115, 123, 192]
15: [14, 10, 25, 35, 43, 66, 127, 212]
16: [0, 1, 17, 46, 101, 204]
17: [2, 16, 38, 123, 170, 171]
18: [14, 3, 19, 45, 70, 87, 93, 97, 118, 135, 147, 209, 210, 224]
19: [4, 18]
20: [6, 10, 35, 52, 54, 59, 183, 199, 203, 205]
21: [0, 6, 23, 30, 40, 42, 65, 131, 134]
22: [1, 8, 169, 184]
23: [21, 1, 38, 48, 130, 152, 167]
24: [5, 1, 68, 88, 106]
25: [1, 15, 28, 41, 58, 108, 115, 130, 148, 149]
26: [4, 11]
27: [9, 14, 183, 185]
28: [5, 25, 110, 132, 144, 154, 201]
29: [13, 4, 153]
30: [21, 14, 46]
31: [13, 6, 44, 91, 131]
32: [1, 2, 81, 95, 102, 174, 191]
33: [0, 5, 90]
34: [13, 6, 55, 75, 156, 195, 202]
35: [20, 15, 53, 116, 140]
36: [1, 6, 125]
37: [3, 5, 40, 128, 221]
38: [17, 23]
39: [5, 6, 65, 114, 172, 173, 199]
40: [37, 21, 45, 135, 138, 193, 218]
41: [3, 25, 162, 192]
42: [4, 21, 76, 204]
43: [15, 0, 107]
44: [31, 0, 64, 77, 78, 89]
45: [18, 40, 154]
46: [30, 16, 63, 67, 69, 84, 98, 146]
47: [1, 3, 70, 81, 98, 137, 181, 220]
48: [1, 23, 49, 67, 72, 133, 151, 222]
49: [4, 48, 99, 101, 141, 148, 214]
50: [1, 0, 62, 129]
51: [13, 4, 60, 61, 100, 121]
52: [20, 10, 53, 71, 117]
53: [52, 35, 73, 186]
54: [20, 14, 68, 69, 85, 87, 96, 111, 116, 125, 140, 144, 203]
55: [10, 34]
56: [1, 10, 86, 94, 152]
57: [8, 3, 83]
58: [12, 25]
59: [0, 20, 60, 88, 103]
60: [59, 51, 126, 167]
61: [51, 7]
62: [10, 50]
63: [46, 0, 129]
64: [44, 1]
65: [39, 21, 202]
66: [15, 14]
67: [48, 46]
68: [24, 54, 209]
69: [46, 54, 73, 79, 84, 119, 160, 179]
70: [18, 47]
71: [52, 0, 182]
72: [48, 4]
73: [53, 69, 139, 143, 193]
74: [6, 0, 127, 181, 189]
75: [34, 0, 82, 85]
76: [42, 1]
77: [44, 0]
78: [44, 11, 90, 126, 134, 158, 213, 215, 220]
79: [69, 0]
80: [6, 14, 111, 155, 194]
81: [47, 32]
82: [75, 0]
83: [0, 57, 161]
84: [69, 46]
85: [54, 75]
86: [56, 13, 89]
87: [18, 54]
88: [59, 24, 164]
89: [86, 44]
90: [78, 33, 107, 158]
91: [31, 5, 119, 176]
92: [10, 14, 175, 184]
93: [3, 18, 180]
94: [11, 56, 219]
95: [11, 32, 117, 145]
96: [54, 0, 118, 149, 162, 223]
97: [18, 14, 114]
98: [46, 47]
99: [6, 49]
100: [51, 4, 156, 159]
101: [49, 16]
102: [14, 32]
103: [59, 1]
104: [13, 6]
105: [14, 12, 137, 211]
106: [24, 11, 155]
107: [90, 43, 151]
108: [1, 25, 177]
109: [7, 10, 122, 165]
110: [8, 28, 157]
111: [54, 80, 175, 190]
112: [4, 14]
113: [0, 1]
114: [97, 39]
115: [25, 14]
116: [35, 54]
117: [95, 52, 157]
118: [18, 96, 208]
119: [69, 91]
120: [7, 4]
121: [1, 51]
122: [109, 2]
123: [14, 17]
124: [3, 1]
125: [54, 36]
126: [60, 78, 196]
127: [74, 15, 150]
128: [12, 37, 213]
129: [63, 50, 136, 178]
130: [23, 25]
131: [31, 21, 187]
132: [2, 28]
133: [48, 5]
134: [21, 78]
135: [18, 40]
136: [4, 129]
137: [47, 105]
138: [40, 2]
139: [6, 73]
140: [35, 54, 173, 217]
141: [49, 8]
142: [0, 10]
143: [0, 73]
144: [28, 54]
145: [95, 6]
146: [46, 4, 198, 219]
147: [18, 5]
148: [49, 25]
149: [25, 96]
150: [127, 0]
151: [48, 107, 214]
152: [56, 23]
153: [29, 4]
154: [45, 28]
155: [80, 106, 196]
156: [34, 100, 166, 180, 189]
157: [117, 110]
158: [90, 78, 198]
159: [100, 1]
160: [4, 69]
161: [83, 5]
162: [41, 96]
163: [1, 0]
164: [2, 88]
165: [0, 109]
166: [156, 3, 195]
167: [23, 60]
168: [6, 0, 176]
169: [22, 2]
170: [17, 0]
171: [6, 17, 177]
172: [4, 39, 215]
173: [140, 39, 179]
174: [32, 6]
175: [111, 92]
176: [91, 168]
177: [171, 108]
178: [129, 10]
179: [173, 69, 197]
180: [93, 156]
181: [74, 47, 188]
182: [71, 0]
183: [27, 20, 200]
184: [22, 92]
185: [27, 1]
186: [53, 0]
187: [0, 131]
188: [12, 181]
189: [156, 74]
190: [111, 0]
191: [4, 32]
192: [14, 41, 216]
193: [40, 73, 217]
194: [4, 80, 224]
195: [166, 34]
196: [126, 155]
197: [5, 179]
198: [146, 158]
199: [20, 39]
200: [5, 183]
201: [28, 4]
202: [34, 65, 206]
203: [54, 20]
204: [42, 16]
205: [0, 20]
206: [10, 202]
207: [0, 1]
208: [3, 118]
209: [68, 18]
210: [18, 2]
211: [0, 105, 212]
212: [211, 15]
213: [128, 78]
214: [49, 151]
215: [172, 78]
216: [1, 192, 218]
217: [193, 140]
218: [216, 40]
219: [94, 146]
220: [47, 78]
221: [37, 0]
222: [0, 48]
223: [96, 7]
224: [18, 194]
Corners: [Corners, 223, 224]