--- # 0
[1 8 9 14 16 26 30 31 33 45 56 58 72 90 92 100 110 116 131 143 160 166 173 199 222 231 232 250 311 318 329 334 353 388 415 419 438 439 463 534 548 568 584 611 660 668 681 691 693 701 709]

--- # 1
[0 2 8 9 10 11 12 13 14 17 18 21 22 30 31 32 34 35 36 44 49 53 86 87 89 94 99 107 110 112 117 124 132 153 168 173 174 177 184 190 197 206 212 234 286 291 318 319 322 373 378 383 401 415 417 442 447 454 483 502 514 560 574 591 609 636 645]

--- # 2
[1 3 8 9 10 11 12 15 18 22 24 25 26 35 41 43 45 50 60 70 74 80 84 89 96 111 114 118 122 123 149 157 182 183 193 194 196 205 208 226 234 249 252 266 281 284 290 303 339 344 369 381 492 520 555 570 594 607 629 632 658 697 699 703]

--- # 3
[2 4 8 9 10 11 13 15 16 17 19 20 21 24 51 57 66 70 72 82 86 88 90 92 108 142 153 155 156 159 164 174 218 221 261 323 332 339 397 408 455 480 486 535 552 588 614 644 698 710]

--- # 4
[3 5 8 12 14 17 18 22 23 25 27 29 34 46 49 56 61 65 70 72 74 78 92 93 98 100 102 103 104 125 127 130 132 134 136 144 148 154 159 163 165 167 175 180 182 187 188 211 245 261 272 289 305 310 317 321 337 338 353 377 379 380 384 387 391 396 409 412 415 418 428 432 441 470 481 492 506 509 532 535 538 560 575 612 633 639 672 675 676 698 702]

--- # 5
[4 6 8 9 10 11 13 16 18 19 27 31 32 35 36 38 41 42 45 47 50 51 55 58 61 67 69 70 71 73 74 77 80 87 94 106 119 122 131 163 167 175 177 203 217 233 240 242 247 254 257 259 273 278 280 282 291 294 300 307 318 328 340 346 380 402 406 419 430 433 438 446 459 461 510 511 512 562 589 625 631 635 636 681 708]

--- # 6
[5 7 8 9 10 11 12 13 15 17 27 30 31 33 37 40 41 43 44 50 53 57 59 61 64 66 67 72 93 99 103 104 110 113 126 127 133 135 138 150 173 181 184 192 199 201 206 221 234 240 253 267 277 284 299 300 316 323 339 341 350 351 354 394 395 398 399 420 430 447 466 471 478 501 512 516 527 555 574 600 623 640 664 670 691 693 694 706 721 724]

--- # 7
[6 10 12 15 16 17 20 23 25 27 37 40 48 50 53 60 79 82 87 98 137 144 156 200 294 351 442 443 452 477 497 569 601 689 722]

--- # 8
[0 3 5 6 1 4 2 9 11 13 16 18 19 22 23 26 30 32 34 35 38 40 41 42 45 47 51 53 68 81 83 85 87 94 97 102 103 105 115 143 150 157 161 163 181 196 206 208 219 220 229 248 257 266 269 272 276 279 283 291 298 311 321 340 348 380 384 426 434 446 474 476 517 521 526 529 560 570 575 590 600 616 617 628 678 683 687 717 727]

--- # 9
[5 0 8 3 1 6 2 10 11 12 13 14 18 25 29 30 36 39 44 56 58 59 64 65 68 71 75 76 79 81 82 84 85 93 95 99 107 108 110 112 117 118 120 124 127 130 144 146 165 197 198 200 209 218 225 235 239 244 251 257 261 263 270 275 280 290 292 295 301 302 304 305 308 316 319 325 329 337 340 341 345 349 355 362 365 368 377 379 386 392 397 399 402 404 405 410 416 434 440 474 477 486 490 495 502 507 524 531 552 565 566 569 585 591 603 616 617 623 635 637 652 672 674 709 721]

--- # 10
[3 1 5 7 6 2 9 13 14 17 19 20 21 24 26 29 31 33 35 40 47 60 67 71 88 100 102 109 112 113 117 125 147 160 161 163 173 178 188 196 205 209 222 224 227 229 232 241 258 276 285 305 311 314 327 336 394 411 433 435 444 474 492 501 510 532 535 538 562 564 578 586 590 627 648 663 687 690 698 715 718 722]

--- # 11
[2 8 5 3 6 9 1 12 15 16 24 28 37 40 44 53 57 60 62 63 71 74 76 92 100 102 105 120 121 137 143 157 164 165 170 184 185 188 220 230 243 256 259 260 278 288 321 323 345 353 361 364 379 380 413 440 445 467 530 551 604 613 655 665 674 682 686 722]

--- # 12
[11 6 1 9 2 4 7 14 15 19 20 21 22 24 26 35 38 39 42 44 48 49 54 63 66 68 70 87 108 116 119 120 121 128 132 133 135 136 137 145 150 152 154 166 170 193 206 223 237 241 245 254 269 294 306 312 320 353 364 385 403 406 421 425 426 439 472 476 488 493 495 539 553 555 557 561 571 593 597 598 607 643 652 662 693 699]

--- # 13
[9 8 3 10 6 5 1 14 15 16 20 21 32 39 40 43 46 48 49 52 54 55 60 61 66 71 75 79 81 83 91 104 123 126 129 131 135 147 159 164 170 175 184 186 191 193 207 210 211 212 216 217 238 257 268 271 295 344 352 387 388 396 406 410 416 455 456 466 467 468 496 513 542 546 629 690 726]

--- # 14
[10 9 12 1 0 13 4 26 27 29 74 77 111 130 159 167 177 182 189 193 195 204 215 217 238 243 275 283 285 286 303 345 347 389 438 458 475 591 673]

--- # 15
[6 11 12 2 7 3 13 17 20 23 24 25 42 43 48 64 69 74 77 83 91 97 107 109 110 114 128 133 139 149 150 152 166 195 206 219 223 232 233 236 241 273 275 285 286 305 318 326 344 363 365 372 383 385 409 435 440 448 452 453 463 468 506 517 539 565 582 593 674 684 712]

--- # 16
[0 7 8 13 5 3 11 18 19 22 23 28 31 43 49 51 89 92 113 121 124 140 147 158 336 389 438 510 537 538 616 656 657]

--- # 17
[6 4 3 15 10 7 1 20 21 42 62 65 80 98 106 121 122 151 172 184 244 261 266 267 346 359 390 410 420 451 467 472 491 561 563 570 599 642 653 662 673 696 714]

--- # 18
[1 16 4 2 5 8 9 19 22 23 28 36 40 45 49 51 54 58 64 69 80 81 82 85 95 115 116 127 130 142 145 148 150 170 175 181 238 243 264 267 280 289 345 394 403 427 437 464 498 571 572 585 595 605 625 652 670 692 703]

--- # 19
[5 16 3 12 8 10 18 21 23 25 27 28 30 35 36 37 38 53 62 68 71 78 82 88 89 97 102 104 135 141 203 268 283 319 325 429 440 496 547 615 617 641 646 671]

--- # 20
[17 3 13 10 15 7 12 28 31 39 62 64 72 84 90 98 101 140 180 210 225 244 249 328 352 401 414 458 460 486 503 515 540 543 555 580 615 630 677 708 723]

--- # 21
[10 13 3 1 12 19 17 24 26 27 28 29 33 34 43 44 52 54 58 63 66 84 85 86 87 99 104 119 125 128 129 142 145 165 175 252 260 282 284 289 295 314 330 331 342 359 378 382 384 397 409 427 452 473 601 613 650 654 663 667 680 700 706 720 724]

--- # 22
[18 12 1 4 2 8 16 38 50 55 60 61 65 84 96 107 118 120 140 141 143 161 171 174 188 200 211 212 219 243 246 258 269 290 296 341 342 343 348 393 400 405 421 476 485 486 501 529 533 558 602 619 658 710]

--- # 23
[8 7 19 15 16 4 18 25 41 42 49 66 73 79 87 90 94 98 121 147 162 176 234 235 251 262 263 273 280 281 311 326 337 447 500 518 542 580 709]

--- # 24
[10 21 15 11 12 3 2 29 32 34 43 56 57 63 66 77 78 95 108 125 127 151 167 169 179 187 194 216 228 264 317 320 335 354 383 401 432 434 503 525 638 653 722]

--- # 25
[2 15 19 7 23 4 9 32 59 86 91 96 104 115 119 133 141 162 169 178 193 199 204 215 255 277 285 335 352 388 392 393 406 448 468 552 629 638 711 716]

--- # 26
[14 8 12 0 10 2 21 28 29 33 48 50 52 54 56 94 97 103 119 132 166 191 194 224 249 252 274 302 310 315 323 331 339 351 366 373 375 388 406 414 423 512 533 563 575 583 591 608 612 617 646 664 666 679]

--- # 27
[14 6 19 5 7 4 21 46 65 75 80 112 123 124 146 180 185 217 232 244 265 289 343 358 379 402 478 488 566 578 585 614]

--- # 28
[26 11 21 16 18 19 20 52 107 139 154 431 450 645]

--- # 29
[21 4 9 26 10 24 14 30 32 33 38 41 47 52 54 61 67 70 92 109 146 151 172 228 238 259 333 362 372 376 458 483 520 527 556 620]

--- # 30
[29 9 8 6 0 19 1 34 36 52 55 59 61 65 96 130 155 168 185 203 219 296 348 349 487 494 518 520 540 542 647 726]

--- # 31
[20 1 16 10 5 0 6 37 46 50 56 95 126 132 137 165 187 312 319 332 367 448 459 470 522 671 672 693 705]

--- # 32
[25 8 24 29 5 13 1 33 36 37 63 69 73 76 78 91 101 108 111 138 166 170 176 177 180 202 245 247 278 300 334 430 445 480 483 500 510 553 695]

--- # 33
[10 6 21 29 32 26 0 34 39 52 55 57 62 70 71 77 81 90 95 117 118 140 141 145 146 151 158 162 167 190 200 228 238 240 247 261 279 315 330 347 354 357 367 376 394 409 413 449 460 461 469 474 494 512 523 524 547 554 557 572 592 595 606 615 650 655 664 673 712 716 718]

--- # 34
[21 8 4 24 1 30 33 37 39 46 57 67 75 85 93 112 121 133 161 163 167 207 262 274 296 303 304 361 376 378 394 407 432 466 481 526 559 567 649 657 665 679 716]

--- # 35
[5 12 8 1 2 10 19 38 39 42 44 46 57 58 60 63 106 112 115 120 126 199 209 227 246 264 297 356 436 471 493 529 536 541 588 613 621 633 666]

--- # 36
[9 1 5 30 18 32 19 58 62 65 77 107 158 173 218 221 248 315 332 390 403 431 609]

--- # 37
[7 32 6 19 31 34 11 51 53 54 67 75 81 94 100 101 120 187 273 288 320 327 331 359 393 463 493 514 516 530 622 633 670 672 685 699 709 721]

--- # 38
[19 8 29 5 22 12 35 88 128 144 145 149 152 201 220 224 227 242 250 252 265 279 301 342 346 396 402 411 427 432 457 463 468 477 483 621 633 671 721]

--- # 39
[35 33 9 13 34 20 12 41 46 47 64 68 73 82 105 114 149 152 189 205 265 289 345 454 557 565 573 575 612]

--- # 40
[10 18 13 8 7 11 6 99 113 143 157 185 202 204 210 250 255 271 322 336 350 387 439 450 513 556 561 587 615 650 661 675]

--- # 41
[2 6 5 29 23 8 39 45 48 106 123 125 172 188 196 262 271 305 347 350 397 430 438 467 504 525 530 539 543 626]

--- # 42
[5 8 23 12 17 15 35 123 128 134 160 165 214 216 233 263 290 325 438 455 464 512 526 551]

--- # 43
[15 24 21 6 13 2 16 45 47 78 79 96 141 266 313 333 334 339 376 430 463 689 708]

--- # 44
[12 11 1 21 35 6 9 47 76 86 91 95 111 115 198 211 226 340 357 416 493 591 666 719]

--- # 45
[5 43 2 41 0 8 18 55 128 142 193 201 223 268 330 487 694 696]

--- # 46
[4 34 31 13 27 35 39 67 72 78 107 122 136 140 154 157 196 207 231 262 288 371 372 382 437 567 640 648]

--- # 47
[29 44 8 5 10 43 39 48 56 73 75 91 106 149 275 310 354 396 461 515 520 523]

--- # 48
[26 15 41 47 7 13 12 51 63 109 115 129 147 159 161 213 223 245 265 297 307 328 364 415 459 473 493 496 537 567 573 610 617]

--- # 49
[4 13 18 16 23 12 1 76 95 101 118 127 135 140 157 163 174 177 186 189 197 244 247 287 361 370 401 407 422 520 553 556 585 625 685 721]

--- # 50
[31 7 26 5 22 2 6 59 69 114 139 160 206 223 227 264 442 473 489 490 527 634 658]

--- # 51
[8 37 48 18 3 5 16 62 73 80 147 178 180 191 196 298 350 377 441 551 561 579 639 711]

--- # 52
[21 26 33 28 30 13 29 55 68 89 98 111 114 116 122 171 209 218 240 306 381 395 403 564 570 589]

--- # 53
[8 1 37 6 11 7 19 98 105 153 270 342 393 455 503 536 542 606 705]

--- # 54
[26 18 21 37 29 12 13 69 109 171 189 229 262 273 284 484 699 718]

--- # 55
[13 30 22 52 33 5 45 59 64 134 144 151 164 166 172 226 250 259 292 319 346 358 369 376 423 441 509 564 600 653 688 712]

--- # 56
[9 24 26 0 47 4 31 82 83 96 103 192 208 223 302 413 558 565 569 656 713]

--- # 57
[35 33 11 34 6 24 3 72 76 105 139 255 386 404 562 574 625 628 646 666]

--- # 58
[35 0 21 36 18 5 9 59 101 106 117 128 131 133 144 153 156 169 264 291 355 365 400 425 433 457 506 561 589 615 690 710 718 726]

--- # 59
[50 25 30 9 55 58 6 69 94 113 164 166 202 212 219 220 327 392 515 585 702]

--- # 60
[22 35 7 10 11 2 13 83 114 116 142 187 189 216 229 230 249 256 284 292 315 325 329 381 409 417 442 471 518 538 548 557 558 621 639 689 695 716]

--- # 61
[13 4 6 5 29 22 30 99 360 361 371 437 485 668 680]

--- # 62
[11 20 17 33 51 19 36 111 136 159 162 164 202 260 331 338 358 418 432 480 499 505 519 544 549 606 705]

--- # 63
[32 12 48 35 24 21 11 75 96 101 110 139 215 231 265 281 290 320 467 484 513 526 532 547 552 565 599 680]

--- # 64
[9 18 6 15 20 55 39 68 79 102 148 155 168 176 217 219 233 316 317 321 323 337 338 354 360 574 695]

--- # 65
[9 36 22 17 30 27 4 76 129 139 151 239 304 309 347 356 403 485 635]

--- # 66
[3 12 23 21 24 13 6 89 90 91 93 108 138 172 208 246 263 317 490 508 535 554 596 653 700]

--- # 67
[34 37 5 29 10 46 6 102 126 148 179 202 246 333 342 419 420 608 620]

--- # 68
[9 52 39 8 12 19 64 73 168 197 210 222 242 256 267 283 287 320 351 366 398 424 476 482 505 521 602 677 681 690 705]

--- # 69
[5 59 15 32 54 18 50 74 77 93 99 136 145 172 210 227 265 270 284 286 389 429 464 499 514 585 622 690]

--- # 70
[33 29 2 4 5 12 3 79 127 137 169 186 229 237 254 508 534 589 655]

--- # 71
[10 9 33 13 19 11 5 83 104 125 158 186 334 464 578 700 701]

--- # 72
[4 6 57 46 20 0 3 78 148 174 190 210 312 313 365 370 377 425 461 494 679]

--- # 73
[68 23 32 5 47 39 51 83 84 93 114 121 156 260 300 330 383 389 449 491 542 572 718]

--- # 74
[4 14 11 2 69 15 5 86 110 118 138 140 185 197 226 229 233 271 294 338 344 446 449 484 507 534 535 640 682 693 703 707 715]

--- # 75
[9 63 37 13 34 27 47 80 88 90 134 223 258 314 326 363 374 456 599]

--- # 76
[57 32 65 9 44 11 49 97 112 118 126 152 179 212 214 221 222 271 282 302 323 327 348 486 488 546 700 704]

--- # 77
[5 15 14 33 24 69 36 124 146 150 153 302 395 444 471 527]

--- # 78
[19 4 72 24 32 46 43 237 242 292 357 362 414 463 516 539 543 546 557]

--- # 79
[13 9 64 23 7 70 43 100 108 117 192 329 333]

--- # 80
[75 2 27 18 5 51 17 81 85 88 100 160 181 236 239 248 270 272 280 311 312 324 399 540 688 720]

--- # 81
[37 18 8 9 13 33 80 85 134 192 267 276 295 337 670]

--- # 82
[19 9 56 3 7 18 39 92 116 188 222 322 372 419 429 464 489 727]

--- # 83
[56 60 73 13 8 71 15 84 88 89 103 131 154 156 162 268 353 377 505 516]

--- # 84
[83 22 9 73 20 2 21 141 169 214 274 294 386 443 477 478 532 533 554 570 576 614 644 645]

--- # 85
[18 21 9 34 8 81 80 86 105 115 225 253 276 293 348 536 698]

--- # 86
[74 85 1 44 21 25 3 171 179 208 273 280 311 326 402 426 507 631 663 675]

--- # 87
[23 7 12 5 21 1 8 131 158 191 230 237 272 375 410 487 509 577 643 661 679 688 692]

--- # 88
[75 38 80 19 83 3 10 122 203 222 234 248 297 605 680 692]

--- # 89
[66 16 2 1 83 52 19 101 106 113 146 183 241 256 272 324]

--- # 90
[33 0 66 75 23 20 3]

--- # 91
[15 47 44 32 66 25 13 97 129 141 146 154 210 221 224 231 312 331 342 353 384 395 427 441 454 466 479 482 498 532 538 545 586]

--- # 92
[11 29 0 3 16 4 82 97 103 133 135 138 189 250 373 494 564 656 720 728]

--- # 93
[9 6 4 73 34 66 69 122 132 175 199 208 253 269 310 412 453 481 482 514 581 618 638 667]

--- # 94
[8 37 5 23 26 1 59 143 154 157 173 216 244 250 268 282 423 448 550 593 710]

--- # 95
[33 24 44 31 49 9 18 113 161 169 176 182 219 274 412 417 446 467 479 561 594 685]

--- # 96
[22 2 43 56 30 25 63 117 130 153 158 180 183 214 237 242 277 285 348 367 374 413 430 525 528 616 626 678 696 698]

--- # 97
[91 92 76 19 15 8 26 105 247 310 366 398 509 537 610 657]

--- # 98
[4 20 7 53 17 23 52 179 301 349 397 421 445 470 483 485 541 571 669 720]

--- # 99
[61 40 6 1 69 21 9 159 174 233 286 344 375 519 534]

--- # 100
[79 0 4 11 37 80 10 171 200 247 344 421 692]

--- # 101
[32 63 37 49 89 58 20 109 120 209 255 287 394 431 436 450 465 467 487 503 539 675 686 713]

--- # 102
[19 11 10 4 64 67 8 131 132 153 392 428 431 455 472 708]

--- # 103
[92 8 83 26 56 4 6 116 134 149 195 198 237 243 276 286 306 333 366 368 384 396 418 497 510 603 660 664 665 670 711]

--- # 104
[13 21 6 4 19 25 71 183 190 231 319 326 363 418 528 544 570 583 598 676 677 692]

--- # 105
[53 8 85 39 57 97 11 136 142 147 190 228 238 261 293 295 304 341 357 367 378 392 421 703]

--- # 106
[17 58 5 41 89 35 47 109 124 129 134 148 178 183 536 682 711 724]

--- # 107
[46 22 36 28 15 9 1 155 211 215 264 274 314 427 568]

--- # 108
[32 79 24 9 12 3 66 123 160 200 230 278 309 335 493 513 651 677]

--- # 109
[54 15 48 101 29 10 106 272 292 299 316 349 380 400 449 468 579 612 632]

--- # 110
[74 6 1 15 63 0 9 111 213 235 278 279 307 309 314 685]

--- # 111
[110 62 14 2 32 44 52 149 178 257 259 291 341 429 461 482 602 697 708]

--- # 112
[35 10 76 27 1 34 9 119 139 158 169 233 258 301 340 352 395 422 459 462 469 525 601 634]

--- # 113
[10 6 95 16 59 89 40 135 179 215 287 380 389 410 420 422 462 470 528 583 607 626 685 713]

--- # 114
[60 39 73 2 52 50 15 171 185 397 503 529]

--- # 115
[48 85 18 8 44 35 25 137 212 236 269 283 287 314 316 435 452 495 591 656 664]

--- # 116
[82 18 12 52 0 60 103 119 156 171 214 221 226 242 321 325 382 456 489]

--- # 117
[33 10 1 96 9 58 79 124 125 168 194 224 282 321 415 532 579 582]

--- # 118
[74 49 33 22 2 9 76 176 277 278 354 404 441 448 568 605]

--- # 119
[26 25 116 12 21 112 5 136 155 203 243 298 460 557 560 726]

--- # 120
[9 37 35 11 22 101 12 176 290 294 351 447 498 530 533 541]

--- # 121
[23 11 16 17 73 34 12 126 129 161 168 207 231 306 332 374 458 584 628]

--- # 122
[2 5 52 93 46 17 88 123 178 218 252 258 281 291 343 355 356 504 682]

--- # 123
[13 108 122 42 2 41 27 143 170 182 215 224 239 256 262 265 305 328 356 369 381 398 500 529]

--- # 124
[16 117 9 1 27 77 106 142 150 201 214 246 424 427 439 453 583 600 671 722]

--- # 125
[4 41 10 71 24 117 21 163 181 253 281 457 472 655 707]

--- # 126
[6 121 67 76 13 35 31 148 197 296 444 558]

--- # 127
[6 49 70 18 9 4 24 155 156 188 194 308 349 374 451 469 511 523 551 632 687]

--- # 128
[42 45 58 21 38 15 12 444 521 657 696 711]

--- # 129
[91 13 48 21 121 65 106 130 138 160 183 194 203 239 288 296 381 693 713]

--- # 130
[18 9 96 14 4 30 129 175 207 216 218 305 528 575]

--- # 131
[13 102 5 83 87 58 0 195 199 201 260 268 297 573]

--- # 132
[4 93 1 12 26 102 31 173 205 234 293 295 413 439 690]

--- # 133
[15 34 58 25 92 12 6 217 235 300 385 391 393 450 462 490 519 587 610]

--- # 134
[103 106 42 75 4 81 55 177 190 252 297 507 517 518]

--- # 135
[113 92 13 19 12 49 6 151 152 162 176 182 184 228 251 279 347 349 361 378 399 410 426 587 624 634 638 655 686 725]

--- # 136
[119 62 4 69 46 105 12 137 220 225 279 385 555 584]

--- # 137
[115 11 12 70 7 136 31 138 213 241 278 442 477 577 666]

--- # 138
[92 129 137 66 32 74 6 145 187 195 204 239 269 285 338 368 419 480 520 525 572 577 578 588 599 632]

--- # 139
[57 112 63 65 28 50 15 457 522 581 725]

--- # 140
[74 16 22 46 33 20 49 232 356 522 668]

--- # 141
[19 33 84 22 91 25 43 281]

--- # 142
[21 45 60 18 105 124 3 172 213 290 313 435 580 621 629]

--- # 143
[0 123 40 22 8 94 11 144 198 251 292 318 424 447 489 506 587 609 674 728]

--- # 144
[38 7 9 58 4 55 143 181 209 213 237 244 249 324 336 471 497 503 599 622]

--- # 145
[33 12 138 21 38 18 69 423 452 610]

--- # 146
[91 27 29 33 9 77 89 155 180 285 293 519 590 648 724]

--- # 147
[51 10 16 48 23 13 105 192 201 205 213 230 235 248 254 367 372 453 499 559 582 595 699 703 719]

--- # 148
[126 18 72 106 4 67 64 168 186 253 371 424 551 663]

--- # 149
[47 111 39 103 15 2 38 165 204 206 220 254 287 339 357 366 368 545 576 597 668]

--- # 150
[6 124 15 8 18 77 12 152 198 230 252 324 329 395 432 571 578 627 717]

--- # 151
[17 33 55 24 65 29 135 162 186 202 213 236 246 277 382 464 544 595 604 619 661]

--- # 152
[150 135 38 76 12 39 15 177 204 254 299 308 321 328 346 375 398 454 457 588 636]

--- # 153
[102 77 53 1 96 3 58 167 194 220 241 301 316 335 344 386 419 472 480 517 549 576 596 627 689]

--- # 154
[83 28 4 12 94 46 91 261 514 515 673]

--- # 155
[64 127 119 146 3 107 30 216 271 352 568]

--- # 156
[116 83 3 73 7 127 58 170 334 475 518 651 687 702 705]

--- # 157
[40 11 49 2 94 8 46 183 202 236 249 309 314 339 410 588 603 667 688 715]

--- # 158
[16 36 71 87 33 96 112 205 238 251 324 516]

--- # 159
[4 48 3 13 62 14 99 164 204 308 490 545 598 656 684]

--- # 160
[108 0 80 50 42 129 10 251 460 531 609 661 668 688]

--- # 161
[10 48 22 34 121 95 8 179 409 415 421 478 534 549 606 616 667 683]

--- # 162
[33 62 83 25 151 23 135 435 648 726]

--- # 163
[5 10 4 49 125 34 8 211 605]

--- # 164
[59 159 13 11 62 55 3 182 198 665 728]

--- # 165
[21 42 11 9 31 4 149 186 197 199 260 274 326 370 441 495 526 572 720]

--- # 166
[12 26 32 0 55 15 59 200 235 343 401 412 465 488 499 608 664]

--- # 167
[153 24 5 14 33 34 4 174 193 198 246 266 307 357 405 429 496 525 594 649 672 711]

--- # 168
[30 64 68 148 117 1 121 201 376 392 469 486 543 719]

--- # 169
[58 70 24 112 84 25 95 207 269 338 390 539 701 718]

--- # 170
[123 156 32 13 11 12 18 306 318]

--- # 171
[22 100 52 54 114 86 116 327 346 439 596 646]

--- # 172
[66 29 55 41 17 142 69 178 185 190 191 224 240 266 277 283 310 342 361 416 461 475 506 529 550 569 595 655 706 716 719]

--- # 173
[0 10 6 1 132 94 36 228 245 497 667 700]

--- # 174
[99 167 72 3 22 1 49 227 303 362 408 502 524 680]

--- # 175
[21 4 5 130 18 93 13 181 236 267 268 270 338 382 450 487 489 547 602 624]

--- # 176
[135 120 118 23 95 64 32 192 273 299 334 352 420 497 642 677 725]

--- # 177
[134 152 5 1 14 32 49 337 359 448 490 576 727]

--- # 178
[10 25 111 51 106 172 122 184 221 271 307 308 322 350 405 407 428 429 436 492 494 593 635 697]

--- # 179
[161 113 67 86 76 98 24 291 413 546 593]

--- # 180
[96 51 4 20 32 27 146 187 189 211 230 258 411 447 567 695]

--- # 181
[6 175 125 18 8 80 144 215 302 304 355 359 373 478 590]

--- # 182
[164 135 4 14 2 95 123 195 232 330 357 508 584 618 681]

--- # 183
[96 104 89 157 129 2 106 191 192 295 347 363 524 566 576 590 641]

--- # 184
[17 1 11 178 135 6 13 203 207 231 257 330 433 558 641 695]

--- # 185
[27 40 11 172 30 74 114 292 309 315 334 335 360 383 611 624 649]

--- # 186
[151 13 49 71 165 148 70 225 289 331 414 445 562 610 639]

--- # 187
[31 24 60 180 4 138 37 351 443]

--- # 188
[10 11 41 22 4 127 82 307 335 350 499 538]

--- # 189
[180 60 14 54 49 92 39 208 298 364 398 501 534 717]

--- # 190
[33 172 104 72 134 1 105 191 350 566]

--- # 191
[13 87 183 172 190 51 26 263 358 391 477 569]

--- # 192
[6 81 79 147 183 176 56 239 247 280 686]

--- # 193
[167 14 12 2 45 25 13 195 209 303 365 479 497 566]

--- # 194
[24 117 129 127 26 153 2 196 294 317 519 671 728]

--- # 195
[182 103 14 15 193 131 138 222 232 345 443 508 726]

--- # 196
[41 10 194 8 2 46 51 423 673]

--- # 197
[1 9 165 126 74 49 68 226 250 287 298 318 452 464 481 495 509 587 597]

--- # 198
[167 164 44 9 150 143 103 296 443 454]

--- # 199
[165 25 6 0 35 131 93 311 484 660]

--- # 200
[166 33 9 108 7 22 100 217 245 313 423 429 540 586 607]

--- # 201
[124 131 45 38 6 168 147 234 240 358 639]

--- # 202
[157 67 59 62 32 40 151 387 440 495 642]

--- # 203
[19 184 88 30 5 119 129 205 227 255 329 378 393 407 451 469 505 548 568 643 676]

--- # 204
[14 152 149 138 25 40 159 225 253 276 304 320 324 383 433 465 541 603 618 647]

--- # 205
[39 203 2 147 10 132 158 310 359 385 397 697 712]

--- # 206
[12 6 149 1 8 50 15 218 228 373]

--- # 207
[121 169 46 184 130 13 34 212 226 258 281 282 293 356 371 412 577 621 636 652]

--- # 208
[8 66 56 93 189 2 86 300 313 328 359 367 409 443 455 475 482 491 496 544 599 614 660]

--- # 209
[9 144 35 193 101 10 52 255 275 288 315 368 431 451 560 622]

--- # 210
[68 91 69 13 20 72 40 358 414 451]

--- # 211
[163 13 180 107 4 44 22 214 283 370 431 530 642 643]

--- # 212
[59 115 13 22 207 76 1 332 500 555]

--- # 213
[110 137 147 48 151 144 142 242 243 277]

--- # 214
[42 211 76 116 124 84 96 251 259 412 485]

--- # 215
[113 14 123 181 107 63 25 229 275 326 384 418 459 513 533 613 629 720]

--- # 216
[42 60 13 94 130 24 155 580 601 624 625]

--- # 217
[27 133 14 5 200 64 13 264 272 364 649]

--- # 218
[36 122 3 9 52 206 130 248 630 651]

--- # 219
[22 30 8 64 15 59 95 427 488 671 685]

--- # 220
[149 153 59 38 136 11 8 240 259 301 324 418 436 449 563 612 652 678 701]

--- # 221
[91 116 3 6 76 178 36 225 260 284 316 372 392 547 580 598]

--- # 222
[76 10 0 68 88 82 195 255 398 399 534 581]

--- # 223
[48 50 75 15 45 56 12 317 573]

--- # 224
[123 26 10 91 172 38 117 368 431 583 588 604 618]

--- # 225
[186 136 221 85 204 9 20 300 366 383 428]

--- # 226
[197 207 55 44 116 2 74 424 532 675]

--- # 227
[38 174 35 50 203 10 69 245 256 263 288 299 333 355 401 515 537 620 652 667]

--- # 228
[29 24 33 105 206 135 173 235 523]

--- # 229
[54 60 215 70 10 74 8 386 387]

--- # 230
[180 147 108 60 150 87 11 236 241 312 404 521 603 694]

--- # 231
[104 46 184 121 0 91 63 476 510 512 547 594 604]

--- # 232
[0 27 10 15 195 182 140 301 355 372 373 412 556 644 704]

--- # 233
[74 5 64 99 112 15 42 266 356 524 707]

--- # 234
[132 1 6 2 23 201 88 253 263 270 276 279 491 543 674]

--- # 235
[23 166 147 228 9 133 110 405 556 582 606 695]

--- # 236
[157 15 175 115 151 230 80 312 585 636 712]

--- # 237
[12 78 96 70 103 87 144 341 369 371 405 446 485 496 502 541]

--- # 238
[18 29 105 13 33 158 14 293 597 646 677 714]

--- # 239
[129 123 65 9 192 138 80 363]

--- # 240
[6 201 220 172 5 33 52 500]

--- # 241
[12 10 153 137 89 15 230 256 351 548 569 675 683]

--- # 242
[5 96 116 78 38 213 68 262 388 391 513 604 687]

--- # 243
[14 18 119 11 22 213 103 308 362 420 468 605 669]

--- # 244
[144 94 20 17 27 9 49 303 331 524 609]

--- # 245
[48 173 4 200 12 227 32 345 428]

--- # 246
[151 67 124 66 22 35 167 248 257 504]

--- # 247
[32 192 97 33 49 100 5 370 408 442 527 603]

--- # 248
[218 88 36 80 246 147 8 249 319 375]

--- # 249
[26 248 60 2 20 144 157 313 456 707]

--- # 250
[40 55 197 94 38 92 0 298 308 377 390 484]

--- # 251
[143 214 23 9 158 135 160 306 317 433 480 626]

--- # 252
[134 150 21 38 2 26 122 296 550 593 714]

--- # 253
[148 234 85 125 6 204 93 254 275 393 400 531 639]

--- # 254
[5 70 149 152 12 147 253 267 340 437 596 628 639]

--- # 255
[25 222 203 57 40 209 101 374 458]

--- # 256
[89 241 11 60 68 123 227 274 465 716]

--- # 257
[184 5 111 13 8 246 9 642]

--- # 258
[22 75 112 180 207 10 122 332 471 610]

--- # 259
[111 55 5 214 220 29 11 406 436 629 647 694]

--- # 260
[21 62 131 73 221 11 165 322 340 542 548 644]

--- # 261
[33 9 17 4 154 105 3 360 394 446 454 519 571 611 633 727]

--- # 262
[46 54 41 123 242 23 34 389 508 602]

--- # 263
[42 9 234 23 191 66 227 325 363 533 547]

--- # 264
[35 107 58 18 217 24 50 270 304 306 333 349 376 554 558]

--- # 265
[39 48 123 69 27 38 63 362 419 440 481 563 590]

--- # 266
[233 17 167 8 172 43 2 309 360 446 560 651]

--- # 267
[18 81 17 6 254 68 175 330 404 451 511 528 537 609 619 681]

--- # 268
[175 83 131 13 19 94 45 478 495]

--- # 269
[22 8 138 115 93 12 169 327 476 565]

--- # 270
[69 53 234 175 80 264 9 377 493 567 709]

--- # 271
[74 155 76 178 40 41 13 286 297 369 386 525 569 599 630 661]

--- # 272
[89 217 8 87 80 4 109 288 313 325 335 343 375 418 423 436 462 511 517 530 531 540 609 621 699]

--- # 273
[15 176 5 54 86 37 23 299 389 422 437 549 576 653]

--- # 274
[256 107 95 165 26 84 34 282 299 307 360 473 549 574 596]

--- # 275
[9 215 14 209 47 253 15 506 592 696]

--- # 276
[81 85 8 10 234 204 103 498 552 614 647 719]

--- # 277
[172 96 6 118 151 213 25 336 384 428 448 697 704]

--- # 278
[108 5 137 118 110 11 32 322 385 402 434 450 542 620 633]

--- # 279
[234 136 110 135 38 8 33]

--- # 280
[192 23 18 80 9 86 5 582 693]

--- # 281
[141 2 23 207 63 122 125 434 519 575]

--- # 282
[207 5 94 274 21 117 76 369 370 637]

--- # 283
[172 14 115 8 211 68 19 387 475 516]

--- # 284
[69 21 6 60 221 54 2 298 302 341 353 364 475 511 548 598]

--- # 285
[25 96 10 138 15 146 14 484]

--- # 286
[271 14 15 99 103 69 1 289 297 373 425 445 460 654 662 684]

--- # 287
[149 68 197 49 115 113 101 492]

--- # 288
[11 227 46 209 272 37 129 348 443 536 714]

--- # 289
[4 18 21 39 27 286 186 315 375 434 488]

--- # 290
[22 142 2 63 9 42 120 293 426 482 522 616 654]

--- # 291
[122 179 5 1 111 8 58 336 354 382 612]

--- # 292
[109 60 9 55 78 185 143 332 499 601 721]

--- # 293
[105 132 146 85 238 290 207 346 613 655 728]

--- # 294
[120 12 5 84 194 7 74 416]

--- # 295
[13 132 105 9 81 183 21 303 408 430 478 540 545 611 713]

--- # 296
[22 126 30 129 34 252 198 414 502 625]

--- # 297
[134 35 88 271 286 48 131 385 554 601 719 727]

--- # 298
[51 197 284 250 119 8 189 374 391 581 584 589 632 635 636 641 707]

--- # 299
[176 227 273 6 274 152 109 369 400 600]

--- # 300
[32 5 6 133 225 208 73 323 364 390 413 681]

--- # 301
[98 220 38 232 9 112 153 361 408]

--- # 302
[77 284 181 76 9 56 26 379 424 507]

--- # 303
[14 295 193 244 174 34 2 387 492 550 645]

--- # 304
[34 9 105 181 264 65 204 320 327 381 440 567 611]

--- # 305
[123 41 15 4 10 9 130]

--- # 306
[264 12 52 251 103 121 170 472 684]

--- # 307
[48 178 5 274 188 167 110 360 578 622 634 669]

--- # 308
[152 127 178 9 243 159 250 309 511 522 660 724]

--- # 309
[157 108 110 308 185 65 266 474 522 559 631]

--- # 310
[205 47 97 172 93 4 26 336 381 391 476 564 691]

--- # 311
[8 80 199 0 23 10 86]

--- # 312
[80 72 12 236 91 31 230 343 347 374 404 417 465 471 586 714]

--- # 313
[249 208 272 72 43 200 142 371 396 505 568 591 653 661]

--- # 314
[21 110 107 157 10 75 115 382 659 688 711]

--- # 315
[209 36 60 185 26 289 33 352 363 366 631 678]

--- # 316
[9 6 153 221 109 115 64 407 506 634 723]

--- # 317
[223 251 194 66 24 4 64 444 536 632]

--- # 318
[143 170 15 197 1 0 5 388 531 537 552 582]

--- # 319
[19 248 55 1 9 31 104 435 538 615]

--- # 320
[24 68 204 304 37 12 63 322]

--- # 321
[64 152 11 4 8 117 116 435 444 494]

--- # 322
[82 320 278 178 40 1 260 453 481]

--- # 323
[11 26 6 76 64 300 3 425 566]

--- # 324
[158 220 204 80 150 89 144 367 461 521 694]

--- # 325
[263 42 116 19 60 9 272 378 494 535 629 637 644 651]

--- # 326
[104 75 86 15 165 23 215 328 616]

--- # 327
[269 59 76 171 304 37 10 411 579]

--- # 328
[5 326 152 123 20 48 208 329 417 551]

--- # 329
[203 9 150 328 79 60 0 337 679]

--- # 330
[21 33 45 73 182 184 267 343 411 517 543 664]

--- # 331
[21 91 26 186 62 244 37 390 404 518 561 568 590 592 620 634]

--- # 332
[121 3 212 31 36 292 258 659 682]

--- # 333
[43 227 103 67 29 264 79 654 669]

--- # 334
[71 32 156 185 0 43 176 502 640 703]

--- # 335
[272 153 24 108 188 25 185 407]

--- # 336
[291 10 310 277 144 40 16 428 659 686]

--- # 337
[9 64 81 4 329 177 23 469 475]

--- # 338
[74 175 64 4 62 169 138 415 456 573 603]

--- # 339
[149 26 157 6 43 2 3 365 479 504 545 556]

--- # 340
[112 260 254 8 5 44 9 403 466 562 600 643]

--- # 341
[284 6 105 237 9 22 111 380 466 571]

--- # 342
[91 172 22 21 67 53 38 362 417 491 637 642]

--- # 343
[27 312 122 272 166 330 22 452 649]

--- # 344
[99 15 153 13 74 100 2 358 453 624]

--- # 345
[9 14 11 195 245 39 18 445 713]

--- # 346
[17 38 5 55 293 171 152]

--- # 347
[14 135 65 41 312 33 183 694]

--- # 348
[76 85 8 22 96 288 30 453 589 623 640 663]

--- # 349
[109 127 135 98 30 264 9 355 539 576 690]

--- # 350
[41 40 188 6 51 178 190 484]

--- # 351
[187 68 241 26 7 120 6 487 578]

--- # 352
[176 25 13 315 20 155 112]

--- # 353
[0 284 91 12 83 11 4 365 437]

--- # 354
[64 33 24 291 47 118 6 605 658 672]

--- # 355
[58 122 181 349 9 232 227 437 527 628]

--- # 356
[233 122 140 207 35 123 65 368 405 420 474 545 580 587 596 613]

--- # 357
[44 149 105 167 33 78 182 371 414 460 573 659]

--- # 358
[344 191 210 201 55 62 27 619 678 717]

--- # 359
[37 181 21 177 17 205 208 459 498 500 508 602 685 700]

--- # 360
[61 185 266 261 274 307 64 386 396 426 658 715]

--- # 361
[34 135 61 172 301 49 11 537 660]

--- # 362
[9 265 174 29 342 243 78 370 630 670]

--- # 363
[15 104 75 239 315 263 183 400 408 433 456]

--- # 364
[300 217 284 48 12 189 11]

--- # 365
[58 339 9 353 15 193 72 424 447]

--- # 366
[225 97 26 315 149 68 103 718]

--- # 367
[105 96 33 324 208 31 147 586 656]

--- # 368
[149 138 103 356 209 9 224 483 527 531 662]

--- # 369
[282 271 123 237 299 2 55 408 472 504 515 523 580 604 623 673]

--- # 370
[49 211 282 165 72 247 362 438 457 703]

--- # 371
[207 61 357 313 237 148 46 462]

--- # 372
[82 221 147 46 15 232 29 528 666]

--- # 373
[26 206 232 1 181 286 92 388 416 426 473 479 481 505 551 688 697]

--- # 374
[96 312 127 121 75 298 255 432]

--- # 375
[99 87 289 152 26 248 272 379 391 406 411 422 434 466 531 654 665 714]

--- # 376
[33 55 29 43 34 264 168 379 504 657 672]

--- # 377
[72 51 270 250 9 83 4 390 411 544 564 647 699]

--- # 378
[1 34 21 105 325 203 135 522]

--- # 379
[376 302 375 27 11 9 4 403 521 592]

--- # 380
[113 109 5 11 341 8 4 490 598]

--- # 381
[60 310 129 52 2 304 123 463 607]

--- # 382
[116 291 175 46 21 151 314 451 546 583 607 702]

--- # 383
[24 185 15 204 225 1 73 477 520]

--- # 384
[277 21 215 91 103 8 4 456 480 540 619]

--- # 385
[133 205 136 297 15 278 12 485 575]

--- # 386
[153 84 271 360 229 9 57 488 507 559 572]

--- # 387
[13 229 283 202 40 4 303 504 708]

--- # 388
[242 0 373 25 318 26 13 425 459 560]

--- # 389
[73 16 273 14 69 262 113]

--- # 390
[377 169 36 250 331 300 17 402 679]

--- # 391
[375 310 4 133 191 298 242 501 636]

--- # 392
[221 25 102 168 9 105 59 399 400 401 441 554 643]

--- # 393
[253 25 37 203 22 133 53 395 422 454 470 514]

--- # 394
[101 6 10 33 18 34 261 399 465 470]

--- # 395
[393 91 112 77 150 6 52 417 449 511]

--- # 396
[360 4 13 47 103 38 313]

--- # 397
[98 41 205 9 114 21 3]

--- # 398
[68 97 6 123 189 222 152 549 618 679]

--- # 399
[222 394 9 392 135 6 80 634 712]

--- # 400
[58 299 392 363 22 109 253 489 513 704]

--- # 401
[166 20 1 392 24 227 49 479 545 727]

--- # 402
[9 278 38 86 27 390 5 483 614]

--- # 403
[340 12 379 36 52 65 18 521 628 650]

--- # 404
[331 312 57 267 9 118 230 660]

--- # 405
[9 178 167 356 237 235 22 510]

--- # 406
[13 375 259 26 12 5 25 407]

--- # 407
[178 34 406 316 203 335 49 458 595 666]

--- # 408
[363 301 369 3 295 247 174 563]

--- # 409
[161 60 208 4 15 33 21 436 498 508]

--- # 410
[135 9 17 157 13 113 87 421 462 487 579 650 710]

--- # 411
[38 377 10 330 375 180 327 425 689 710]

--- # 412
[214 207 95 93 166 4 232 548]

--- # 413
[56 33 132 179 96 11 300 442 460 479]

--- # 414
[26 186 20 357 210 296 78 416 439 535 589 598]

--- # 415
[0 161 338 117 1 4 48 626]

--- # 416
[294 9 172 44 13 373 414 422 592 626]

--- # 417
[95 60 1 312 328 342 395 596 652]

--- # 418
[215 4 103 62 272 104 220]

--- # 419
[5 153 82 0 265 67 138 501 592 705]

--- # 420
[176 67 243 6 356 113 17]

--- # 421
[100 105 161 12 98 410 22 659]

--- # 422
[113 416 49 393 375 273 112]

--- # 423
[196 200 145 26 272 55 94 473 550]

--- # 424
[68 365 143 302 226 124 148 607]

--- # 425
[12 58 411 388 72 286 323 491 563 656]

--- # 426
[8 135 12 290 360 373 86 543]

--- # 427
[107 18 91 38 21 219 124]

--- # 428
[336 102 277 4 245 225 178 450 610]

--- # 429
[111 69 178 200 82 167 19 641]

--- # 430
[41 6 43 5 96 32 295 496 627 702 716]

--- # 431
[101 211 209 28 102 224 36 517 529 577 644]

--- # 432
[374 34 38 62 150 4 24 514]

--- # 433
[363 58 10 251 204 184 5]

--- # 434
[289 375 281 9 24 278 8]

--- # 435
[319 142 10 162 321 115 15 470 526 573]

--- # 436
[35 272 220 409 178 259 101 457 566 683]

--- # 437
[46 355 18 273 61 254 353]

--- # 438
[42 14 5 0 41 16 370 550]

--- # 439
[0 124 132 40 171 12 414 455 469 499]

--- # 440
[19 265 9 202 304 11 15 444 492 498 691]

--- # 441
[4 55 118 392 51 165 91 677 692 707]

--- # 442
[50 413 60 7 247 137 1 489]

--- # 443
[288 7 84 208 195 187 198]

--- # 444
[126 10 321 440 317 128 77 445 458 505 565 597 715]

--- # 445
[11 286 98 345 444 186 32 553]

--- # 446
[237 74 261 5 8 95 266 582]

--- # 447
[23 365 120 143 6 180 1 449 482 640 654]

--- # 448
[177 277 94 25 31 15 118 507 608]

--- # 449
[74 395 33 447 220 109 73 502 516 642]

--- # 450
[175 278 133 428 40 28 101]

--- # 451
[382 209 210 267 17 127 203]

--- # 452
[343 197 7 15 115 21 145 544]

--- # 453
[322 124 15 344 147 348 93 462 717]

--- # 454
[152 1 198 393 39 91 261]

--- # 455
[102 3 439 53 208 42 13 707]

--- # 456
[363 116 13 75 338 384 249 468 653 667]

--- # 457
[38 58 436 139 370 152 125 465 570 630 645]

--- # 458
[14 20 121 255 407 444 29 526 553]

--- # 459
[215 31 48 359 388 112 5 474]

--- # 460
[286 413 119 20 160 357 33 577 581 608]

--- # 461
[5 111 47 324 72 172 33 486 665]

--- # 462
[112 133 113 410 371 453 272 572 631]

--- # 463
[78 15 381 0 38 37 43 696]

--- # 464
[69 18 197 82 71 151 42 497]

--- # 465
[101 166 457 204 312 256 394 500 544 665]

--- # 466
[34 375 340 91 341 6 13 584 676]

--- # 467
[11 101 17 41 63 13 95 503 635]

--- # 468
[25 109 38 456 15 13 243 473 491]

--- # 469
[203 439 127 33 112 337 168]

--- # 470
[435 31 4 393 394 98 113 619 627 684]

--- # 471
[6 258 35 144 77 60 312 501 574]

--- # 472
[306 125 369 12 17 102 153]

--- # 473
[50 468 373 423 48 274 21 509 533 619 637]

--- # 474
[33 459 309 8 9 356 10 509 523 621]

--- # 475
[156 14 172 283 284 208 337 623]

--- # 476
[8 231 269 22 12 68 310 558]

--- # 477
[9 84 38 383 7 137 191]

--- # 478
[295 27 84 181 268 6 161]

--- # 479
[339 193 373 401 413 95 91 605]

--- # 480
[153 138 384 62 251 3 32 611 645 662]

--- # 481
[4 322 197 373 34 93 265 541 648 725]

--- # 482
[208 447 91 93 68 111 290 650]

--- # 483
[368 1 38 29 32 98 402]

--- # 484
[285 199 54 63 74 350 250 546 641 668]

--- # 485
[237 61 22 385 98 65 214 562 588 670 671 709]

--- # 486
[3 461 168 76 9 20 22 594 597 638]

--- # 487
[30 175 351 410 87 101 45 554 617 676 712]

--- # 488
[12 76 219 386 166 27 289 559]

--- # 489
[50 143 400 82 175 116 442]

--- # 490
[380 50 177 159 133 9 66]

--- # 491
[468 234 73 425 208 17 342 606]

--- # 492
[178 303 4 10 440 2 287 536 648 649 684]

--- # 493
[270 48 44 37 12 108 35 689]

--- # 494
[72 33 92 321 30 325 178 557]

--- # 495
[202 165 115 197 268 9 12 579]

--- # 496
[430 208 19 48 13 237 167 523 555 623 725]

--- # 497
[193 173 103 144 464 176 7 710]

--- # 498
[359 440 276 18 91 120 409]

--- # 499
[439 147 188 292 69 62 166 676 720]

--- # 500
[23 465 240 212 359 32 123 518 719 723]

--- # 501
[471 391 189 22 6 419 10 577 614 675]

--- # 502
[296 449 237 334 174 9 1]

--- # 503
[144 467 114 53 101 20 24 512 663]

--- # 504
[387 369 246 41 376 339 122]

--- # 505
[203 62 313 83 373 68 444 515 624 669 686 723]

--- # 506
[4 143 15 275 58 172 316 528 604]

--- # 507
[302 134 386 74 9 86 448 524 581 644 691]

--- # 508
[66 409 182 359 70 262 195 549]

--- # 509
[197 87 55 4 97 473 474]

--- # 510
[10 32 231 103 5 405 16 726]

--- # 511
[272 5 395 308 127 284 267 723]

--- # 512
[26 6 33 231 5 503 42 587]

--- # 513
[108 13 215 242 40 400 63 574]

--- # 514
[1 93 154 69 37 393 432 541 630 706]

--- # 515
[369 59 227 20 505 154 47 563]

--- # 516
[37 158 78 449 6 283 83 626]

--- # 517
[8 15 134 431 330 153 272 611]

--- # 518
[134 60 156 500 23 331 30 562 683]

--- # 519
[99 281 62 133 261 146 194 687]

--- # 520
[49 383 2 47 30 29 138 530 594]

--- # 521
[128 68 324 8 379 230 403]

--- # 522
[309 378 140 290 31 308 139 553]

--- # 523
[474 228 33 127 369 47 496 725]

--- # 524
[33 174 244 183 507 233 9 546 701]

--- # 525
[112 41 24 271 167 138 96 624 637 638 702]

--- # 526
[165 8 458 435 63 42 34 564 650 717]

--- # 527
[355 77 6 368 247 50 29]

--- # 528
[104 113 96 372 130 506 267 702]

--- # 529
[114 35 172 8 22 123 431]

--- # 530
[211 520 272 37 120 41 11]

--- # 531
[368 160 318 375 9 253 272 579]

--- # 532
[4 10 63 117 91 84 226 709]

--- # 533
[84 120 263 473 22 26 215]

--- # 534
[99 74 0 161 189 70 222 556]

--- # 535
[74 414 3 325 4 10 66]

--- # 536
[85 106 288 317 53 492 35 552 620 728]

--- # 537
[48 267 361 16 227 97 318]

--- # 538
[60 91 319 16 188 10 4 586 640 641 651]

--- # 539
[78 15 41 12 169 349 101 637]

--- # 540
[384 200 30 295 80 272 20 678 689 698]

--- # 541
[481 514 120 98 35 204 237 597 680]

--- # 542
[73 13 23 278 30 53 260]

--- # 543
[41 330 426 20 234 78 168 602 635]

--- # 544
[452 208 62 377 151 104 465 681]

--- # 545
[356 295 149 91 401 159 339 553]

--- # 546
[78 179 382 13 484 524 76 559 584 601 663]

--- # 547
[175 221 19 263 231 33 63]

--- # 548
[260 412 284 241 203 60 0 567 613 649 683]

--- # 549
[62 274 161 273 508 153 398 550 673]

--- # 550
[423 438 549 303 252 172 94]

--- # 551
[148 127 328 373 42 51 11]

--- # 552
[318 25 276 9 3 63 536 581]

--- # 553
[445 545 12 32 458 522 49]

--- # 554
[66 487 33 392 84 264 297 706]

--- # 555
[212 6 12 136 2 20 496 583 700]

--- # 556
[534 40 29 339 49 235 232 559 669]

--- # 557
[12 119 494 78 33 39 60 595]

--- # 558
[60 184 126 56 22 476 264 674 682]

--- # 559
[546 309 488 386 147 556 34]

--- # 560
[119 388 266 1 4 209 8]

--- # 561
[58 17 12 95 51 40 331]

--- # 562
[518 5 340 485 57 186 10]

--- # 563
[425 26 17 220 265 515 408 622]

--- # 564
[55 526 310 10 377 92 52 606 628 696]

--- # 565
[15 56 444 63 39 269 9 612]

--- # 566
[183 436 27 190 323 9 193]

--- # 567
[34 270 180 46 304 548 48 668 678 695]

--- # 568
[203 0 155 118 107 331 313]

--- # 569
[172 191 9 56 241 7 271 571 638 724]

--- # 570
[8 17 52 457 2 84 104 618]

--- # 571
[261 18 341 12 150 98 569]

--- # 572
[73 138 462 386 18 165 33]

--- # 573
[131 357 48 39 435 223 338 593 659]

--- # 574
[274 1 6 57 64 471 513]

--- # 575
[4 281 130 385 8 26 39 654]

--- # 576
[149 349 84 273 183 153 177]

--- # 577
[138 460 87 501 137 431 207 682]

--- # 578
[351 138 307 150 27 71 10 586 600]

--- # 579
[109 327 51 117 531 410 495]

--- # 580
[23 20 216 356 142 369 221 630]

--- # 581
[507 222 552 139 93 298 460 680]

--- # 582
[446 318 15 235 147 117 280]

--- # 583
[555 124 26 113 224 382 104 592 617 651]

--- # 584
[298 0 466 546 182 136 121]

--- # 585
[69 59 9 27 49 236 18 594 608]

--- # 586
[200 312 578 538 10 91 367 645]

--- # 587
[197 512 143 356 133 135 40]

--- # 588
[35 157 138 485 224 152 3]

--- # 589
[52 58 70 348 414 5 298 646]

--- # 590
[331 265 183 8 146 10 181 627]

--- # 591
[313 26 44 1 14 9 115 727]

--- # 592
[583 379 33 331 419 275 416 643]

--- # 593
[12 178 252 15 179 573 94]

--- # 594
[95 486 520 231 167 2 585 627]

--- # 595
[147 151 33 407 172 557 18 631]

--- # 596
[274 356 66 153 171 254 417]

--- # 597
[197 149 444 238 12 486 541 706]

--- # 598
[159 380 414 104 12 284 221 657]

--- # 599
[75 144 271 208 17 138 63]

--- # 600
[8 6 299 55 340 578 124 684]

--- # 601
[292 216 7 546 21 297 112 615 648]

--- # 602
[111 68 543 359 22 262 175 704]

--- # 603
[103 338 247 230 204 157 9]

--- # 604
[151 224 231 506 369 242 11 608 662 694]

--- # 605
[88 354 18 163 479 243 118]

--- # 606
[161 53 62 564 33 235 491]

--- # 607
[12 424 382 2 200 381 113 658]

--- # 608
[585 67 460 166 448 604 26 715]

--- # 609
[272 160 267 143 244 36 1 623]

--- # 610
[145 97 258 133 186 48 428 706]

--- # 611
[185 295 517 0 304 480 261 625 723]

--- # 612
[220 291 565 26 39 109 4 618]

--- # 613
[293 215 548 35 356 11 21 632 704]

--- # 614
[208 501 27 3 276 84 402 622]

--- # 615
[58 33 40 319 601 20 19 620 631 708]

--- # 616
[326 9 161 96 8 290 16 717]

--- # 617
[19 48 583 487 9 8 26]

--- # 618
[612 398 204 93 224 182 570]

--- # 619
[151 473 470 384 358 267 22]

--- # 620
[67 615 29 278 536 227 331 647 728]

--- # 621
[60 35 38 207 272 142 474]

--- # 622
[307 37 209 144 563 614 69 647]

--- # 623
[369 6 496 609 475 9 348]

--- # 624
[216 185 344 135 505 175 525 633 657 674]

--- # 625
[296 57 216 611 18 5 49 658]

--- # 626
[416 96 415 516 41 251 113]

--- # 627
[590 150 153 10 470 594 430]

--- # 628
[254 403 8 564 57 121 355]

--- # 629
[259 13 142 215 25 2 325 662 683 714]

--- # 630
[362 271 20 457 218 580 514]

--- # 631
[309 86 5 315 595 462 615 715]

--- # 632
[2 317 138 298 127 109 613]

--- # 633
[38 278 35 624 37 4 261 646 701]

--- # 634
[135 316 331 50 112 307 399]

--- # 635
[543 467 9 298 5 65 178]

--- # 636
[5 207 236 298 152 1 391]

--- # 637
[9 325 342 539 282 473 525]

--- # 638
[135 24 25 93 486 569 525]

--- # 639
[253 4 201 254 60 186 51]

--- # 640
[74 334 46 538 348 6 447]

--- # 641
[184 484 183 19 298 429 538 661]

--- # 642
[257 211 449 17 342 176 202 676 704]

--- # 643
[203 340 87 392 12 592 211]

--- # 644
[507 3 431 325 260 232 84]

--- # 645
[586 480 84 1 457 28 303 701]

--- # 646
[26 589 633 19 57 171 238]

--- # 647
[377 276 204 622 620 30 259 686]

--- # 648
[46 492 10 146 162 481 601 691]

--- # 649
[185 343 548 217 492 34 167]

--- # 650
[33 40 403 482 526 21 410]

--- # 651
[538 325 218 108 156 583 266]

--- # 652
[12 227 220 207 417 9 18 687]

--- # 653
[55 66 313 24 273 456 17]

--- # 654
[447 286 575 21 375 290 333]

--- # 655
[70 33 172 125 135 11 293 659]

--- # 656
[159 16 115 367 92 56 425]

--- # 657
[16 34 624 376 97 128 598]

--- # 658
[50 625 360 22 607 2 354]

--- # 659
[573 655 357 332 336 314 421]

--- # 660
[208 103 0 308 361 404 199 692]

--- # 661
[313 160 40 151 641 271 87]

--- # 662
[604 629 286 480 368 12 17]

--- # 663
[348 10 86 503 546 21 148]

--- # 664
[166 6 330 103 26 115 33 669]

--- # 665
[461 375 11 34 465 164 103]

--- # 666
[35 44 372 407 57 137 26]

--- # 667
[157 227 173 93 456 161 21]

--- # 668
[140 484 149 61 0 160 567]

--- # 669
[505 556 98 243 333 307 664 724]

--- # 670
[103 18 81 485 37 362 6]

--- # 671
[194 38 124 19 31 219 485]

--- # 672
[37 4 31 376 167 9 354]

--- # 673
[549 17 196 14 369 33 154]

--- # 674
[143 11 234 9 15 624 558]

--- # 675
[86 40 501 101 4 241 226]

--- # 676
[499 466 4 203 104 487 642]

--- # 677
[20 68 238 108 441 176 104]

--- # 678
[315 358 8 540 567 220 96]

--- # 679
[34 398 87 26 329 390 72]

--- # 680
[63 541 61 21 174 88 581]

--- # 681
[544 5 300 68 182 267 0 723]

--- # 682
[558 332 122 11 74 577 106 691]

--- # 683
[241 548 518 629 161 8 436 698]

--- # 684
[492 159 286 306 600 15 470]

--- # 685
[110 49 113 95 359 37 219]

--- # 686
[11 647 135 101 336 505 192 697]

--- # 687
[127 519 8 242 10 652 156 705]

--- # 688
[314 80 157 160 87 373 55]

--- # 689
[493 153 411 7 43 60 540 713]

--- # 690
[349 13 69 10 68 132 58 722]

--- # 691
[682 507 310 6 440 0 648]

--- # 692
[104 441 660 88 100 87 18]

--- # 693
[74 31 0 280 129 12 6]

--- # 694
[347 604 324 230 259 6 45]

--- # 695
[32 235 60 567 64 180 184]

--- # 696
[17 275 564 96 128 463 45 725]

--- # 697
[205 686 277 2 111 178 373]

--- # 698
[683 85 540 3 10 96 4]

--- # 699
[147 272 377 54 2 37 12]

--- # 700
[173 76 66 359 71 555 21]

--- # 701
[524 220 633 645 71 0 169]

--- # 702
[528 430 59 525 4 382 156]

--- # 703
[18 370 74 334 147 2 105]

--- # 704
[400 277 613 602 76 642 232]

--- # 705
[62 31 68 53 419 156 687]

--- # 706
[21 554 172 6 597 610 514]

--- # 707
[298 125 233 441 249 455 74]

--- # 708
[5 20 615 102 111 387 43]

--- # 709
[9 37 0 485 532 23 270]

--- # 710
[410 411 497 22 94 3 58]

--- # 711
[51 128 25 103 314 106 167]

--- # 712
[205 399 236 33 15 487 55]

--- # 713
[101 129 345 56 295 689 113]

--- # 714
[252 629 375 238 17 288 312 721]

--- # 715
[74 157 631 360 444 10 608]

--- # 716
[172 25 256 60 34 430 33]

--- # 717
[616 8 150 358 526 189 453]

--- # 718
[54 169 73 33 58 10 366]

--- # 719
[500 147 44 276 172 297 168 722]

--- # 720
[21 499 80 92 215 165 98]

--- # 721
[49 6 9 38 292 37 714]

--- # 722
[124 690 24 11 10 7 719]

--- # 723
[611 505 511 316 500 681 20]

--- # 724
[308 21 6 669 146 569 106]

--- # 725
[135 481 496 696 139 523 176]

--- # 726
[119 195 162 58 13 510 30]

--- # 727
[401 297 8 261 591 82 177]

--- # 728
[164 194 143 293 620 536 92]

--- # Corners
[Corners 722 723 724 725 726 727 728]