0: [1, 9, 46, 130, 142, 229, 447, 571]
1: [0, 2, 4, 5, 6, 8, 10, 11, 13, 14, 16, 17, 20, 25, 29, 30, 31, 35, 38, 40, 49, 53, 55, 62, 66, 74, 76, 77, 82, 85, 86, 103, 112, 115, 141, 148, 163, 164, 170, 171, 176, 186, 188, 214, 217, 227, 240, 253, 271, 275, 278, 290, 303, 312, 321, 325, 369, 378, 384, 385, 390, 425, 431, 457, 472, 479, 486, 500, 535, 545, 561, 571, 581, 601, 606, 613, 617, 622, 639, 678, 711, 720]
2: [1, 3, 4, 5, 6, 7, 10, 12, 13, 28, 31, 33, 43, 47, 54, 59, 62, 63, 81, 83, 89, 94, 118, 119, 123, 155, 161, 171, 172, 179, 187, 192, 204, 232, 247, 270, 285, 311, 313, 320, 333, 361, 386, 412, 448, 469, 503, 518, 520, 525, 527, 565, 566, 580, 588, 612, 638, 643, 657, 684, 698, 704]
3: [2, 4, 6, 8, 9, 16, 36, 37, 44, 63, 82, 83, 182, 211, 253, 298, 334, 398, 418, 512, 518, 534, 538]
4: [3, 1, 2, 5, 7, 15, 18, 23, 34, 35, 36, 37, 77, 94, 95, 104, 153, 281, 284, 296, 306, 357, 368, 405, 417, 507, 523, 608, 609, 644, 678, 724]
5: [2, 4, 1, 10, 12, 34, 42, 60, 65, 70, 72, 97, 106, 155, 159, 187, 191, 239, 250, 253, 265, 269, 320, 380, 415, 471, 486, 487, 519, 530, 599, 642, 648, 660, 681]
6: [2, 3, 1, 7, 9, 24, 60, 67, 79, 81, 141, 169, 174, 199, 276, 337, 378, 395, 425, 517]
7: [2, 6, 4, 8, 11, 12, 14, 18, 20, 21, 26, 32, 49, 72, 81, 84, 87, 116, 128, 129, 146, 152, 153, 186, 205, 222, 228, 240, 250, 260, 287, 294, 310, 328, 389, 394, 429, 437, 448, 455, 458, 463, 492, 522, 620, 627, 643, 645, 647, 655, 704]
8: [3, 1, 7, 15, 26, 44, 45, 48, 51, 59, 69, 71, 72, 76, 105, 107, 137, 185, 207, 237, 255, 298, 396, 427, 438, 441, 460, 504, 552, 557, 583, 585, 586, 690, 695]
9: [6, 0, 3, 15, 19, 53, 58, 71, 75, 91, 92, 97, 102, 111, 131, 133, 167, 195, 244, 290, 298, 302, 314, 344, 371, 416, 480, 513, 536, 618, 636, 685]
10: [1, 2, 5, 11, 17, 22, 43, 64, 74, 83, 84, 86, 105, 110, 122, 144, 173, 190, 232, 251, 305, 328, 367, 400, 403, 411, 417, 553, 616, 672, 696, 700, 717, 724]
11: [1, 7, 10, 13, 14, 19, 22, 24, 27, 28, 33, 52, 60, 65, 73, 85, 95, 100, 102, 111, 123, 127, 137, 140, 162, 171, 195, 207, 214, 220, 262, 275, 278, 307, 332, 350, 389, 397, 429, 467, 472, 484, 492, 494, 529, 540, 551, 567, 599, 619, 648, 658, 694, 702, 723]
12: [7, 2, 5, 41, 61, 63, 68, 88, 93, 113, 121, 140, 159, 170, 196, 202, 208, 209, 218, 272, 301, 323, 336, 364, 414, 437, 455, 475, 496, 668]
13: [1, 2, 11, 49, 301, 338]
14: [11, 7, 1, 16, 21, 29, 41, 57, 64, 67, 84, 89, 104, 169, 175, 181, 193, 237, 260, 327, 413, 513, 520, 531, 554, 605, 614, 686, 702, 706, 708]
15: [9, 8, 4, 17, 23, 27, 69, 94, 120, 126, 267, 379, 430, 582]
16: [3, 1, 14, 18, 26, 30, 32, 35, 38, 48, 67, 88, 120, 147, 210, 255, 283, 322, 380, 426, 498, 516, 527, 597, 633, 659, 680]
17: [10, 15, 1, 19, 20, 21, 22, 24, 29, 58, 61, 68, 74, 114, 119, 133, 151, 158, 181, 198, 201, 216, 249, 266, 268, 414, 422, 444, 481, 487, 533]
18: [4, 7, 16, 25, 43, 104, 165, 193, 330, 387, 533, 559]
19: [17, 11, 9, 30, 50, 130, 233, 259, 295, 307, 315, 386, 433, 480, 529, 664]
20: [7, 17, 1, 23, 27, 28, 39, 41, 117, 206, 313, 396, 399, 400, 464, 474, 478, 532, 553, 589]
21: [7, 14, 17, 34, 46, 56, 57, 66, 96, 97, 162, 316, 327, 433, 450]
22: [10, 11, 17, 42, 47, 93, 119, 150, 266, 276, 301, 422, 424, 461, 568, 594, 683]
23: [15, 4, 20, 25, 69, 75, 106, 159, 229, 325, 431, 440, 493, 520, 532, 550, 682]
24: [17, 6, 11, 31, 51, 52, 62, 73, 133, 138, 151, 167, 212, 248, 252, 287, 495, 519, 524, 530, 557, 615, 618, 637, 726]
25: [1, 18, 23, 38, 45, 80, 128, 502]
26: [7, 16, 8, 40, 108, 168, 170, 173, 212, 294, 340, 397, 468, 581, 606, 650, 659]
27: [11, 20, 15, 37, 55, 80, 126, 155, 306, 455, 526, 577, 668, 674, 682]
28: [2, 11, 20, 134, 137, 167, 204, 285, 461, 710]
29: [14, 1, 17, 33, 53, 54, 64, 70, 107, 139, 142, 188, 230, 238, 261, 286, 309, 341, 358, 440, 446]
30: [16, 1, 19, 32, 40, 92, 93, 95, 173, 188, 216, 248, 264, 279, 325, 353, 447, 485, 499, 514, 516]
31: [2, 1, 24, 50, 87, 92, 102, 189, 211, 294, 328, 342, 364, 406, 431, 483, 569, 605, 622]
32: [16, 7, 30, 44, 106, 143, 152, 169, 232, 233, 245, 258, 313, 357, 394, 456, 476, 485]
33: [2, 29, 11, 39, 45, 47, 113, 158, 199, 206, 238, 273, 280, 296, 321, 474, 489, 642, 689, 707]
34: [4, 5, 21, 36, 39, 55, 57, 78, 100, 107, 124, 128, 132, 160, 161, 172, 176, 182, 221, 230, 285, 286, 297, 308, 319, 323, 326, 411, 494, 524, 534, 635, 690, 709, 715]
35: [4, 1, 16, 42, 46, 66, 112, 115, 116, 238, 267, 284, 382, 497, 576, 583, 670]
36: [34, 3, 4, 91, 136, 201, 216, 226, 254, 309, 335, 344, 398, 512, 592, 685, 715]
37: [4, 3, 27, 52, 77, 236, 254, 265, 274, 628]
38: [25, 1, 16, 71, 150, 154, 273, 387, 438, 466, 563, 580]
39: [33, 34, 20, 101, 217, 246, 272, 279, 450, 458, 586, 669]
40: [1, 30, 26, 61, 98, 154, 181, 222, 270, 288, 365, 383, 408, 458, 465, 638, 653]
41: [14, 20, 12, 73, 75, 157, 180, 183, 184, 215, 384, 393, 454, 459, 471]
42: [35, 22, 5, 50, 54, 150, 194, 515, 530, 564, 591]
43: [2, 10, 18, 78, 277, 334]
44: [8, 32, 3, 56, 101, 573, 621]
45: [25, 33, 8, 48, 51, 85, 136, 268, 412, 574, 612, 677]
46: [0, 21, 35, 59, 65, 86, 98, 101, 110, 122, 125, 146, 166, 185, 208, 223, 260, 391, 435, 478, 479, 543, 590]
47: [33, 22, 2, 87, 115, 117, 118, 136, 180, 197, 220, 245, 280, 336, 340, 348, 355, 365, 385, 392, 399, 427, 463, 500, 556, 566, 681, 684, 687, 703]
48: [16, 45, 8, 447, 481, 598, 600, 613]
49: [7, 1, 13, 58, 124, 163, 306, 410, 615]
50: [42, 31, 19, 56, 79, 114, 122, 160, 161, 168, 235, 249, 289, 295, 316, 338, 339, 433, 462, 498, 549, 626, 639, 657, 666, 673, 683, 702]
51: [8, 45, 24, 109, 127, 177, 257, 337, 402, 403, 585]
52: [11, 37, 24, 103, 148, 154, 248, 402, 521]
53: [1, 9, 29, 109, 112, 129, 146, 198, 229, 318, 370, 490, 536]
54: [29, 42, 2, 149, 296, 364]
55: [27, 34, 1, 131, 144, 151, 184, 329, 346, 371, 409, 416, 476]
56: [50, 44, 21, 186, 312, 356, 693]
57: [34, 14, 21, 172, 361, 449, 546]
58: [17, 49, 9, 134, 177, 291, 421, 464, 484, 613, 686]
59: [8, 46, 2, 124, 178, 222, 230, 393, 406, 464, 551]
60: [5, 11, 6, 121, 135, 164, 225, 226, 227, 251, 343, 354, 362, 383, 510, 512, 667, 671]
61: [40, 12, 17, 76, 90, 123, 217, 235, 547, 629]
62: [24, 1, 2, 234, 540, 575, 628]
63: [3, 2, 12, 68, 99, 178, 256, 262, 435, 446, 470, 516, 655]
64: [14, 10, 29, 70, 91, 163, 174, 176, 286, 424]
65: [5, 11, 46, 571, 612]
66: [1, 21, 35, 148, 209, 483, 657]
67: [6, 14, 16, 82, 157, 266]
68: [17, 12, 63, 79, 80, 99, 105, 108, 147, 438, 552, 562]
69: [8, 15, 23, 138, 156, 462, 486, 556, 578, 645, 670]
70: [5, 64, 29, 226, 261, 289, 597, 661]
71: [9, 38, 8, 88, 139, 145, 195, 274, 453, 712]
72: [5, 7, 8, 363, 561, 596, 652]
73: [24, 11, 41, 78, 129, 157, 166, 282, 327, 381, 475, 509, 537, 661, 700]
74: [17, 10, 1, 202, 303, 543]
75: [41, 23, 9, 108, 118, 140, 158, 178, 488, 570, 620, 629, 699, 720]
76: [8, 1, 61, 126, 143, 156, 231, 243, 254, 305, 319, 331, 338, 342, 375, 489, 677]
77: [4, 1, 37, 90, 192, 203, 418, 424, 614, 638]
78: [34, 43, 73]
79: [6, 68, 50, 89, 99, 677]
80: [68, 27, 25, 233, 511, 569]
81: [2, 7, 6, 98, 132, 145, 175, 479, 544, 545, 563, 714]
82: [3, 1, 67, 130, 243, 300, 360, 574, 626, 637, 676]
83: [2, 3, 10, 189, 214]
84: [10, 7, 14, 280, 336, 372, 456]
85: [45, 1, 11, 103, 212, 234, 246, 263]
86: [46, 1, 10, 96, 110, 164, 228]
87: [7, 47, 31, 96, 202, 207, 224, 237, 247, 263, 341, 401, 445, 619, 681, 710, 719, 725]
88: [12, 71, 16, 523, 539, 562]
89: [2, 14, 79, 90, 109, 282, 392, 519]
90: [77, 61, 89, 234, 402]
91: [36, 9, 64, 184, 193, 454, 538, 652]
92: [9, 31, 30, 114, 145, 220, 295, 485, 615, 630, 708]
93: [22, 12, 30, 100, 111, 147, 665]
94: [15, 4, 2, 187, 511]
95: [11, 30, 4, 180, 352, 517, 675]
96: [87, 86, 21, 113, 132, 138, 179, 205, 211, 215, 224, 225, 247, 284, 362, 368, 428, 443, 587, 610, 656]
97: [5, 21, 9, 160, 541]
98: [46, 40, 81, 131, 144, 149, 244, 268, 311, 351, 359, 423, 426, 461, 477, 504, 645, 684, 703]
99: [68, 79, 63, 291, 303, 687]
100: [34, 93, 11, 116, 506, 647, 705]
101: [44, 46, 39, 281, 430, 436]
102: [31, 11, 9, 213, 239, 246, 354, 439, 460, 526]
103: [1, 52, 85, 272, 318]
104: [18, 4, 14, 135, 198, 544, 706]
105: [8, 10, 68, 231, 289, 523]
106: [32, 23, 5, 183, 487]
107: [29, 8, 34, 200]
108: [75, 68, 26, 120, 196, 205, 218, 349, 366, 389, 391, 393, 468, 491, 624, 667]
109: [89, 53, 51, 117, 127, 333, 375, 432, 554, 624, 716]
110: [86, 10, 46, 125, 221, 241, 299, 318, 423, 564]
111: [9, 11, 93, 174, 236, 242, 467]
112: [1, 53, 35]
113: [12, 33, 96, 208, 316, 366, 421, 721]
114: [92, 50, 17]
115: [47, 1, 35, 420, 728]
116: [100, 35, 7, 121, 134, 175, 194, 196, 250, 410, 468]
117: [47, 20, 109, 125, 218, 275, 308, 413, 632, 633]
118: [47, 2, 75, 324, 551]
119: [2, 22, 17, 269, 319, 333]
120: [16, 108, 15, 149, 210, 354, 407, 593, 631, 662, 709]
121: [60, 12, 116, 165, 224, 242, 341, 451, 603, 627, 630, 680]
122: [50, 46, 10, 223, 225, 618, 630, 649]
123: [2, 61, 11, 166, 442]
124: [59, 34, 49, 189, 194, 235, 288, 322, 330, 352, 473, 490, 558, 573, 631]
125: [117, 110, 46, 465, 643]
126: [27, 15, 76, 346, 347, 374, 377, 429, 537, 591, 676, 701]
127: [11, 51, 109, 135, 199, 206, 252, 582, 625, 720]
128: [7, 34, 25, 346, 373, 535]
129: [73, 7, 53, 348]
130: [0, 19, 82, 263, 321, 444, 688]
131: [9, 98, 55, 156, 210, 611]
132: [34, 96, 81, 143, 297, 531]
133: [17, 24, 9, 168, 388]
134: [58, 116, 28, 139, 185, 701]
135: [60, 104, 127, 204, 291, 309]
136: [47, 36, 45, 203, 299, 358, 425, 568, 600]
137: [8, 11, 28, 141, 259, 283, 699, 718]
138: [69, 24, 96, 282, 363, 417, 509]
139: [29, 71, 134, 515, 541, 584, 692]
140: [11, 12, 75, 142, 231, 304, 308, 317, 365, 460, 725]
141: [1, 137, 6, 363, 407]
142: [0, 140, 29, 244, 256, 261, 311, 394, 398, 436, 441, 494, 521, 550, 639]
143: [132, 32, 76, 153, 165, 192, 223, 249, 361, 374, 499, 507, 528, 595, 664, 697]
144: [98, 55, 10, 162, 513, 589, 692]
145: [92, 81, 71, 152, 241, 257, 271, 288, 305, 369]
146: [46, 7, 53, 191, 219, 293, 334, 533, 578]
147: [68, 93, 16]
148: [52, 66, 1, 503]
149: [120, 54, 98, 406]
150: [38, 42, 22, 177, 439, 505, 653, 714]
151: [55, 24, 17]
152: [7, 32, 145, 219, 572]
153: [7, 143, 4, 408, 635]
154: [38, 52, 40, 392, 404, 454, 560]
155: [27, 2, 5, 239, 404, 573]
156: [69, 76, 131, 242, 595, 672]
157: [41, 67, 73, 182, 257]
158: [17, 33, 75, 329]
159: [23, 12, 5, 600]
160: [97, 50, 34, 273, 357, 376, 716, 719]
161: [34, 50, 2, 304, 332, 344, 721]
162: [144, 11, 21, 340, 614, 627]
163: [49, 1, 64]
164: [1, 86, 60]
165: [121, 143, 18, 351]
166: [73, 46, 123]
167: [28, 24, 9, 252, 380, 501, 525, 529, 577, 673]
168: [50, 133, 26, 190, 200, 219, 304, 377, 549]
169: [14, 32, 6, 179, 190, 267, 312, 330, 507, 558, 660, 727]
170: [26, 1, 12, 191, 283, 663, 666]
171: [2, 11, 1, 350, 376, 421, 583]
172: [2, 34, 57, 201]
173: [30, 10, 26, 209, 434]
174: [6, 64, 111, 604, 660, 674]
175: [81, 14, 116, 277, 400, 531, 596]
176: [1, 34, 64, 197, 391]
177: [58, 150, 51, 372, 385, 607]
178: [59, 63, 75, 197, 200, 428, 488, 515]
179: [96, 2, 169]
180: [41, 95, 47, 183, 290, 315]
181: [17, 14, 40, 410]
182: [34, 3, 157, 276, 470]
183: [180, 106, 41]
184: [91, 41, 55]
185: [8, 46, 134, 358, 427, 697, 719]
186: [7, 1, 56, 411, 559, 598]
187: [94, 5, 2]
188: [1, 29, 30, 203, 625, 636]
189: [124, 83, 31, 332, 373, 453, 558]
190: [168, 10, 169, 269]
191: [146, 5, 170, 271]
192: [143, 2, 77]
193: [18, 91, 14, 331, 408]
194: [42, 124, 116, 350, 624]
195: [9, 71, 11, 342]
196: [12, 108, 116, 215, 297, 347, 452, 656]
197: [47, 176, 178, 221, 434]
198: [104, 53, 17, 359, 360, 401, 506, 525, 658, 688]
199: [33, 6, 127, 213, 278, 443, 508, 555, 584, 641, 650]
200: [168, 178, 107, 300]
201: [17, 172, 36, 324, 490]
202: [74, 12, 87, 621, 648, 709, 717]
203: [77, 136, 188, 302, 445]
204: [28, 2, 135, 227, 277, 370, 388, 407, 565]
205: [108, 96, 7, 287, 345]
206: [20, 127, 33, 255, 335, 403, 592, 689]
207: [87, 8, 11, 353, 430, 686]
208: [46, 113, 12]
209: [173, 12, 66, 258, 373, 539, 608, 714, 728]
210: [16, 131, 120, 213, 477]
211: [3, 31, 96, 356, 360, 362, 452, 526, 601]
212: [24, 85, 26, 616]
213: [210, 199, 102, 710]
214: [83, 1, 11]
215: [196, 41, 96, 491]
216: [36, 17, 30, 496]
217: [61, 1, 39, 251, 405, 420, 693]
218: [117, 12, 108, 326]
219: [152, 146, 168, 501, 577, 723]
220: [11, 92, 47, 256, 292, 293, 382, 470, 509, 679]
221: [34, 197, 110, 228, 315, 345, 349]
222: [59, 40, 7, 606, 705]
223: [143, 122, 46, 538, 547, 604, 623, 634]
224: [121, 87, 96, 679]
225: [122, 60, 96, 534]
226: [36, 70, 60]
227: [60, 1, 204, 556]
228: [7, 221, 86, 258, 359, 366, 510, 609, 653]
229: [0, 53, 23, 236, 302, 649]
230: [29, 34, 59, 274, 339, 348, 434, 587, 725]
231: [140, 76, 105, 292, 320, 390, 397, 499, 542]
232: [10, 2, 32, 449, 641, 673, 712]
233: [32, 19, 80, 451, 452, 459]
234: [90, 85, 62, 279, 310, 317, 331, 484]
235: [124, 50, 61, 240, 241, 243, 329, 412, 587, 723]
236: [111, 37, 229, 259, 264]
237: [14, 87, 8, 378, 570, 640]
238: [35, 29, 33, 367, 370]
239: [155, 5, 102]
240: [235, 1, 7, 245, 376]
241: [145, 110, 235, 642]
242: [121, 111, 156, 428]
243: [82, 235, 76, 694]
244: [9, 98, 142, 527]
245: [32, 47, 240, 292]
246: [85, 39, 102, 623]
247: [87, 96, 2]
248: [52, 30, 24, 265]
249: [17, 143, 50, 508]
250: [116, 7, 5]
251: [60, 10, 217, 374, 414, 466, 590, 603, 682, 717]
252: [167, 127, 24]
253: [1, 5, 3, 281, 678]
254: [36, 37, 76]
255: [8, 206, 16, 262, 270, 343, 409, 423, 514, 637]
256: [63, 142, 220, 548]
257: [51, 157, 145, 396, 426]
258: [228, 209, 32, 691]
259: [137, 236, 19, 264, 387]
260: [46, 7, 14]
261: [142, 29, 70, 446]
262: [255, 11, 63, 432]
263: [130, 85, 87, 418, 466, 688, 696]
264: [30, 259, 236]
265: [37, 248, 5, 379]
266: [67, 17, 22, 317, 413, 532]
267: [15, 169, 35]
268: [17, 45, 98, 582]
269: [190, 5, 119]
270: [2, 255, 40, 451]
271: [1, 191, 145, 299, 701]
272: [103, 39, 12, 482, 647]
273: [38, 160, 33]
274: [230, 37, 71, 488, 572, 713]
275: [117, 11, 1]
276: [182, 6, 22, 324, 579]
277: [43, 175, 204]
278: [1, 11, 199]
279: [30, 39, 234, 449]
280: [47, 84, 33, 310]
281: [4, 253, 101, 337, 419, 601, 707]
282: [138, 89, 73, 343]
283: [16, 137, 170, 322]
284: [4, 35, 96, 415, 663]
285: [28, 34, 2, 386]
286: [29, 34, 64, 300, 339, 355, 496, 659]
287: [205, 7, 24, 356]
288: [145, 40, 124, 482, 579]
289: [50, 105, 70, 314, 383, 553, 691]
290: [9, 1, 180]
291: [99, 135, 58, 323, 326, 347, 522]
292: [220, 231, 245, 293]
293: [220, 146, 292, 511, 543]
294: [31, 26, 7, 528]
295: [19, 92, 50, 448]
296: [33, 4, 54]
297: [34, 132, 196, 562, 602]
298: [8, 3, 9, 453, 505]
299: [110, 271, 136, 314, 514, 675]
300: [82, 200, 286, 557]
301: [22, 12, 13, 495, 598, 722]
302: [9, 229, 203, 651]
303: [74, 1, 99, 349, 501, 593]
304: [140, 161, 168, 495]
305: [76, 145, 10, 307, 540, 552]
306: [27, 49, 4, 693]
307: [305, 11, 19, 419]
308: [34, 117, 140]
309: [29, 36, 135, 372, 405, 646]
310: [7, 234, 280, 345, 367, 597, 625, 654]
311: [98, 2, 142]
312: [1, 169, 56]
313: [20, 2, 32]
314: [289, 299, 9, 355]
315: [221, 19, 180]
316: [50, 113, 21, 335, 415, 695]
317: [140, 266, 234, 497, 510]
318: [103, 53, 110, 471]
319: [119, 34, 76, 384]
320: [5, 231, 2]
321: [1, 130, 33]
322: [124, 16, 283, 646, 727]
323: [12, 34, 291, 353, 390, 707]
324: [118, 201, 276, 476, 609]
325: [23, 1, 30, 521, 594, 711]
326: [34, 291, 218, 381, 636]
327: [14, 73, 21, 401]
328: [10, 7, 31, 541]
329: [235, 158, 55, 442, 629]
330: [18, 169, 124, 435]
331: [76, 234, 193, 351, 491, 504, 517, 687]
332: [189, 161, 11, 518, 545]
333: [109, 119, 2]
334: [43, 3, 146, 371, 663]
335: [36, 316, 206, 567, 654]
336: [12, 84, 47, 399, 469]
337: [281, 6, 51]
338: [50, 13, 76]
339: [286, 230, 50, 713]
340: [47, 26, 162, 404, 482, 524, 535]
341: [121, 87, 29, 416, 580]
342: [195, 76, 31, 462]
343: [282, 255, 60, 352]
344: [9, 161, 36, 546]
345: [221, 310, 205, 469, 654]
346: [126, 55, 128]
347: [291, 196, 126, 722]
348: [129, 47, 230, 441, 474, 506, 605, 695, 726]
349: [108, 303, 221, 457]
350: [11, 171, 194]
351: [98, 331, 165]
352: [95, 124, 343, 450, 661]
353: [323, 207, 30, 500, 502]
354: [60, 102, 120, 388]
355: [286, 47, 314, 492, 671]
356: [211, 56, 287, 432, 617]
357: [160, 4, 32, 445, 667]
358: [185, 29, 136, 369, 669]
359: [228, 98, 198, 575, 724]
360: [198, 82, 211, 420, 439]
361: [57, 143, 2]
362: [96, 211, 60, 382, 493]
363: [138, 141, 72, 565]
364: [31, 12, 54, 377]
365: [140, 40, 47, 368, 536]
366: [108, 113, 228, 505, 590]
367: [238, 310, 10, 436, 616]
368: [4, 365, 96]
369: [358, 1, 145, 646]
370: [53, 238, 204]
371: [9, 55, 334]
372: [84, 177, 309, 375, 381]
373: [128, 189, 209]
374: [126, 143, 251, 395]
375: [372, 76, 109]
376: [160, 240, 171]
377: [168, 126, 364, 379, 395, 548, 588]
378: [6, 237, 1]
379: [15, 265, 377]
380: [5, 167, 16, 442]
381: [372, 326, 73, 704]
382: [362, 220, 35, 472]
383: [289, 40, 60]
384: [41, 1, 319]
385: [177, 47, 1, 497]
386: [2, 19, 285, 655]
387: [38, 259, 18]
388: [354, 133, 204]
389: [7, 108, 11]
390: [231, 1, 323]
391: [46, 108, 176]
392: [89, 154, 47, 419, 555]
393: [108, 59, 41, 718]
394: [142, 32, 7, 409, 579]
395: [6, 377, 374]
396: [8, 257, 20, 465, 544]
397: [11, 26, 231, 478, 622]
398: [36, 3, 142]
399: [336, 20, 47, 634]
400: [175, 20, 10, 554, 578, 588]
401: [87, 198, 327, 574, 610, 669]
402: [90, 51, 52, 575]
403: [10, 206, 51, 493]
404: [155, 340, 154, 422, 572]
405: [4, 309, 217]
406: [31, 149, 59]
407: [120, 204, 141, 444]
408: [153, 40, 193]
409: [55, 394, 255, 599, 632, 665, 718]
410: [116, 181, 49]
411: [186, 10, 34, 457, 481]
412: [2, 235, 45]
413: [266, 14, 117, 561]
414: [251, 17, 12, 467, 475]
415: [284, 316, 5, 712]
416: [55, 341, 9]
417: [138, 10, 4]
418: [77, 263, 3]
419: [392, 281, 307, 584, 640]
420: [360, 217, 115, 489]
421: [113, 171, 58, 508]
422: [17, 22, 404]
423: [255, 110, 98, 568]
424: [64, 22, 77]
425: [136, 6, 1, 437, 498, 502]
426: [98, 16, 257]
427: [185, 47, 8, 651]
428: [242, 178, 96, 546]
429: [11, 7, 126]
430: [15, 101, 207]
431: [23, 31, 1]
432: [109, 356, 262]
433: [21, 19, 50]
434: [197, 230, 173, 463, 477, 547]
435: [330, 46, 63, 459, 641]
436: [142, 367, 101, 443, 480, 658, 662]
437: [12, 425, 7, 440, 703]
438: [68, 8, 38]
439: [102, 150, 360]
440: [23, 29, 437]
441: [8, 142, 348]
442: [380, 123, 329]
443: [436, 96, 199, 607, 715]
444: [17, 130, 407, 473, 576, 631]
445: [357, 87, 203, 670]
446: [63, 261, 29]
447: [0, 48, 30]
448: [295, 7, 2]
449: [57, 232, 279, 611, 668]
450: [21, 352, 39, 619]
451: [270, 233, 121]
452: [211, 233, 196, 548, 689]
453: [189, 298, 71, 456]
454: [154, 41, 91, 539]
455: [27, 7, 12, 542]
456: [84, 32, 453, 483, 700]
457: [349, 1, 411, 537]
458: [40, 39, 7]
459: [41, 435, 233, 473]
460: [140, 102, 8]
461: [98, 28, 22]
462: [50, 342, 69]
463: [7, 434, 47]
464: [58, 20, 59]
465: [125, 396, 40]
466: [251, 263, 38, 722]
467: [11, 111, 414, 563]
468: [26, 108, 116, 728]
469: [336, 345, 2]
470: [182, 220, 63, 542, 680]
471: [41, 5, 318, 528, 564, 651]
472: [1, 382, 11, 560, 567]
473: [444, 459, 124]
474: [20, 348, 33]
475: [73, 12, 414, 621]
476: [55, 324, 32, 610]
477: [98, 210, 434, 576]
478: [46, 397, 20]
479: [46, 81, 1]
480: [9, 436, 19, 611, 623, 690]
481: [48, 411, 17, 650]
482: [340, 272, 288, 589, 694]
483: [66, 456, 31]
484: [58, 234, 11]
485: [32, 92, 30]
486: [1, 69, 5]
487: [106, 5, 17, 503, 550]
488: [274, 75, 178, 594]
489: [420, 33, 76, 603, 666]
490: [124, 53, 201, 607, 692, 697]
491: [108, 215, 331, 705]
492: [7, 355, 11]
493: [403, 362, 23]
494: [34, 11, 142]
495: [24, 304, 301]
496: [286, 12, 216, 560]
497: [35, 317, 385, 602]
498: [50, 16, 425]
499: [30, 231, 143]
500: [47, 353, 1, 586]
501: [219, 303, 167]
502: [425, 353, 25]
503: [487, 2, 148, 585, 596]
504: [331, 8, 98, 698]
505: [150, 298, 366]
506: [348, 198, 100, 635]
507: [169, 143, 4]
508: [421, 199, 249]
509: [138, 73, 220, 581]
510: [60, 317, 228]
511: [293, 80, 94, 644, 706]
512: [3, 36, 60, 726]
513: [14, 9, 144]
514: [30, 255, 299, 522, 664]
515: [178, 139, 42]
516: [63, 16, 30]
517: [331, 95, 6, 708]
518: [2, 332, 3]
519: [89, 24, 5, 569]
520: [23, 2, 14]
521: [142, 52, 325]
522: [514, 291, 7]
523: [4, 105, 88]
524: [24, 340, 34, 674, 675]
525: [2, 167, 198, 685]
526: [211, 102, 27, 628]
527: [16, 244, 2]
528: [294, 471, 143]
529: [167, 11, 19]
530: [42, 24, 5, 608]
531: [132, 14, 175]
532: [23, 266, 20, 649, 671]
533: [17, 146, 18, 555]
534: [34, 225, 3]
535: [1, 128, 340, 604, 691]
536: [9, 53, 365, 549]
537: [73, 126, 457, 632]
538: [223, 91, 3]
539: [454, 209, 88]
540: [305, 11, 62]
541: [328, 139, 97]
542: [470, 231, 455]
543: [46, 293, 74]
544: [396, 104, 81]
545: [332, 81, 1]
546: [57, 428, 344]
547: [61, 223, 434]
548: [452, 256, 377]
549: [50, 536, 168]
550: [142, 23, 487]
551: [118, 59, 11]
552: [305, 68, 8]
553: [289, 10, 20, 559, 566, 593]
554: [400, 14, 109, 633]
555: [533, 392, 199, 591]
556: [227, 69, 47]
557: [8, 300, 24]
558: [189, 169, 124, 696]
559: [553, 186, 18, 570]
560: [472, 154, 496, 592, 602]
561: [1, 72, 413, 640]
562: [68, 297, 88]
563: [38, 81, 467]
564: [471, 42, 110]
565: [363, 2, 204]
566: [47, 2, 553]
567: [11, 335, 472, 644]
568: [22, 136, 423]
569: [80, 519, 31]
570: [559, 237, 75]
571: [65, 0, 1]
572: [404, 152, 274]
573: [44, 124, 155, 662]
574: [82, 45, 401]
575: [62, 402, 359]
576: [444, 35, 477]
577: [27, 167, 219, 683]
578: [69, 400, 146]
579: [394, 276, 288]
580: [2, 341, 38]
581: [26, 1, 509, 595, 652]
582: [15, 127, 268]
583: [171, 8, 35]
584: [419, 139, 199, 634]
585: [51, 8, 503]
586: [39, 500, 8]
587: [235, 96, 230]
588: [400, 377, 2]
589: [144, 482, 20, 617]
590: [46, 251, 366]
591: [42, 555, 126]
592: [560, 36, 206]
593: [120, 553, 303, 679]
594: [488, 22, 325]
595: [581, 156, 143, 626]
596: [503, 175, 72]
597: [310, 70, 16]
598: [186, 48, 301]
599: [5, 11, 409]
600: [136, 48, 159]
601: [1, 281, 211, 620]
602: [297, 497, 560]
603: [121, 489, 251]
604: [535, 174, 223]
605: [31, 14, 348]
606: [1, 26, 222]
607: [177, 443, 490]
608: [209, 530, 4, 676]
609: [4, 228, 324]
610: [476, 96, 401]
611: [449, 131, 480, 721]
612: [45, 2, 65]
613: [48, 1, 58]
614: [14, 162, 77, 656]
615: [92, 49, 24]
616: [10, 367, 212]
617: [1, 589, 356]
618: [9, 122, 24]
619: [11, 87, 450]
620: [601, 75, 7]
621: [44, 202, 475, 711]
622: [1, 31, 397]
623: [246, 480, 223]
624: [194, 109, 108]
625: [310, 188, 127]
626: [595, 82, 50]
627: [121, 7, 162]
628: [62, 37, 526]
629: [61, 75, 329]
630: [92, 122, 121]
631: [124, 444, 120]
632: [537, 117, 409]
633: [117, 554, 16]
634: [223, 399, 584]
635: [506, 153, 34]
636: [188, 9, 326]
637: [255, 24, 82]
638: [77, 40, 2]
639: [50, 1, 142, 713]
640: [237, 561, 419]
641: [435, 199, 232]
642: [5, 241, 33]
643: [125, 2, 7]
644: [567, 4, 511]
645: [7, 69, 98]
646: [322, 309, 369]
647: [272, 100, 7]
648: [5, 202, 11]
649: [532, 229, 122]
650: [199, 481, 26]
651: [302, 471, 427]
652: [581, 72, 91, 698]
653: [150, 40, 228, 699]
654: [345, 310, 335]
655: [386, 63, 7]
656: [96, 614, 196]
657: [66, 50, 2]
658: [436, 198, 11]
659: [16, 26, 286]
660: [174, 5, 169]
661: [73, 352, 70, 665]
662: [120, 573, 436]
663: [334, 284, 170]
664: [514, 19, 143]
665: [409, 661, 93, 672]
666: [50, 170, 489]
667: [108, 60, 357]
668: [27, 12, 449]
669: [39, 358, 401, 727]
670: [69, 35, 445]
671: [60, 355, 532]
672: [665, 10, 156]
673: [232, 50, 167]
674: [174, 524, 27]
675: [299, 524, 95]
676: [608, 126, 82]
677: [76, 45, 79]
678: [4, 253, 1]
679: [224, 593, 220]
680: [470, 16, 121]
681: [5, 47, 87]
682: [23, 251, 27]
683: [22, 577, 50]
684: [47, 98, 2]
685: [36, 9, 525]
686: [14, 207, 58]
687: [99, 47, 331]
688: [130, 198, 263]
689: [452, 206, 33]
690: [480, 34, 8]
691: [289, 258, 535]
692: [144, 139, 490]
693: [217, 56, 306]
694: [243, 482, 11]
695: [8, 348, 316]
696: [558, 263, 10]
697: [185, 143, 490]
698: [504, 2, 652]
699: [75, 137, 653]
700: [10, 456, 73]
701: [134, 126, 271, 716]
702: [11, 14, 50]
703: [98, 437, 47]
704: [2, 381, 7]
705: [491, 222, 100]
706: [104, 14, 511]
707: [323, 33, 281]
708: [92, 14, 517]
709: [202, 34, 120]
710: [87, 213, 28]
711: [325, 621, 1]
712: [415, 232, 71]
713: [339, 274, 639]
714: [81, 150, 209]
715: [443, 36, 34]
716: [160, 701, 109]
717: [202, 251, 10]
718: [393, 137, 409]
719: [185, 87, 160]
720: [127, 1, 75]
721: [161, 113, 611]
722: [347, 466, 301]
723: [235, 219, 11]
724: [359, 10, 4]
725: [230, 140, 87]
726: [512, 348, 24]
727: [669, 169, 322]
728: [468, 115, 209]
Corners: [725, 726, 727, 728]