0: [1, 4, 5, 6, 8, 9, 13, 16, 17, 20, 21, 23, 31, 45, 47, 51, 77, 83, 86, 88, 123, 124, 138, 142, 144, 157, 180, 190, 197, 200, 201, 218, 224, 259, 265, 267, 285, 305, 320, 328, 335, 340, 381, 397, 418, 429, 458, 471, 523, 526, 538, 539]
1: [0, 2, 4, 5, 6, 10, 11, 13, 14, 22, 27, 29, 31, 38, 42, 52, 53, 71, 76, 85, 86, 97, 125, 140, 150, 199, 208, 214, 215, 226, 244, 255, 256, 264, 296, 316, 333, 338, 364, 399, 403, 406, 439, 444, 458, 520, 540, 545, 555]
2: [1, 3, 4, 5, 7, 9, 12, 18, 22, 25, 43, 45, 60, 63, 68, 69, 72, 91, 132, 137, 149, 150, 155, 166, 170, 177, 178, 200, 202, 205, 217, 220, 232, 235, 245, 290, 303, 331, 332, 341, 369, 435, 444, 492, 495, 540, 541, 555]
3: [2, 27, 46, 95, 107, 164]
4: [0, 1, 2, 7, 15, 29, 30, 32, 37, 66, 71, 76, 81, 85, 143, 177, 184, 213, 238, 253, 256, 257, 269, 276, 308, 353, 360, 487, 504, 524, 568]
5: [1, 2, 0, 6, 8, 9, 12, 13, 20, 25, 26, 28, 30, 32, 33, 35, 41, 46, 47, 48, 56, 65, 67, 103, 106, 107, 108, 111, 118, 126, 135, 149, 159, 198, 207, 228, 233, 243, 250, 253, 273, 286, 303, 323, 358, 376, 381, 405, 414, 440, 443, 446, 451, 455, 477, 494, 508, 525, 527, 532, 552]
6: [0, 5, 1, 7, 8, 10, 11, 12, 19, 21, 25, 28, 29, 52, 55, 60, 66, 75, 80, 81, 92, 99, 113, 119, 128, 133, 143, 155, 178, 184, 187, 189, 193, 199, 214, 215, 221, 223, 224, 230, 241, 251, 263, 271, 272, 282, 284, 289, 298, 312, 320, 353, 359, 386, 420, 474, 479, 489, 497, 504, 512, 533, 535, 544, 562]
7: [6, 4, 2, 11, 15, 16, 18, 20, 28, 31, 35, 47, 50, 53, 57, 59, 67, 79, 83, 100, 117, 120, 131, 139, 144, 145, 167, 210, 223, 228, 249, 266, 273, 282, 297, 306, 348, 350, 357, 368, 377, 408, 411, 431, 504, 507, 529, 530]
8: [0, 6, 5, 23, 181, 398]
9: [2, 5, 0, 10, 19, 24, 37, 41, 54, 75, 82, 100, 105, 107, 163, 197, 208, 301, 317, 328, 334, 342, 392, 393, 443, 460, 471, 473, 562]
10: [9, 1, 6, 14, 17, 21, 39, 42, 44, 68, 73, 121, 141, 150, 157, 201, 268, 285, 286, 403, 411, 419, 437, 464, 512, 527, 534]
11: [6, 7, 1, 15, 17, 35, 36, 37, 40, 43, 52, 57, 74, 76, 95, 142, 212, 252, 254, 270, 287, 326, 341, 378, 381, 423, 452, 477, 566]
12: [5, 2, 6, 14, 19, 23, 34, 55, 106, 205, 287, 316, 392, 547]
13: [0, 1, 5, 18, 33, 54, 56, 59, 70, 78, 82, 84, 117, 122, 125, 129, 135, 160, 175, 183, 185, 311, 356, 366, 370, 521, 525]
14: [12, 1, 10, 16, 22, 24, 39, 40, 46, 68, 85, 115, 154, 169, 190, 203, 216, 237, 238, 250, 282, 295, 318, 351, 372, 377, 393, 409, 412, 462, 469, 486, 526, 559]
15: [11, 4, 7, 45, 51, 77, 94, 145, 168, 191, 262, 270, 277, 361, 531]
16: [0, 7, 14, 24, 26, 30, 32, 34, 36, 38, 40, 69, 79, 84, 96, 104, 108, 127, 151, 155, 161, 170, 220, 247, 266, 281, 300, 417, 421, 422, 513, 538]
17: [10, 0, 11, 213, 339, 489]
18: [13, 7, 2, 26, 27, 49, 50, 65, 75, 81, 90, 92, 94, 127, 132, 154, 158, 163, 196, 235, 242, 245, 246, 261, 263, 296, 310, 315, 324, 326, 371, 393, 418, 440, 453, 522, 561]
19: [9, 12, 6, 59, 69, 124, 133, 231, 375, 387]
20: [5, 0, 7, 44, 113, 192, 212, 353, 385]
21: [10, 6, 0, 36, 63, 66, 102, 116, 119, 139, 145, 225, 283, 394, 431, 436, 445, 483, 490, 556]
22: [14, 2, 1, 34, 38, 42, 48, 114, 154, 159, 194, 218, 236, 340, 342, 379, 428, 571]
23: [0, 12, 8, 89, 183, 247, 351]
24: [14, 9, 16, 43, 58, 62, 151, 214, 384, 563]
25: [6, 5, 2, 49, 50, 217, 236, 252, 331, 422, 463]
26: [16, 5, 18, 61, 99, 321, 523, 550]
27: [3, 1, 18, 57, 112, 141, 171, 272, 541]
28: [7, 5, 6, 33, 91, 101, 126, 128, 147, 172, 174, 250, 261, 292, 312, 398, 438, 528, 574]
29: [1, 4, 6, 44, 70, 73, 89, 276, 290, 327, 414, 434, 502, 529, 534, 565]
30: [4, 16, 5, 63, 132, 158, 191, 312, 331, 426, 433, 453, 536, 539]
31: [1, 0, 7, 61, 114, 119, 200, 207, 248, 289, 290, 325, 345, 359, 405, 573]
32: [4, 5, 16, 39, 62, 64, 67, 120, 209, 245, 260, 352, 363, 481, 510, 546]
33: [28, 13, 5, 53, 64, 153, 254, 389, 554]
34: [22, 12, 16, 54, 56, 71, 73, 93, 149, 152, 184, 209, 239, 241, 271, 278, 319, 342, 466, 503, 510, 568, 574]
35: [7, 11, 5, 61, 161, 186, 203, 299, 318, 390, 480, 488]
36: [21, 11, 16, 58, 87, 110, 121, 147, 148, 168, 172, 229, 260, 273, 276, 284, 350, 355, 365, 380, 441, 442, 457, 551]
37: [9, 11, 4, 41]
38: [22, 16, 1, 48, 70, 83, 91, 412, 553, 560]
39: [14, 10, 32, 49, 211, 260, 280, 303, 572]
40: [14, 11, 16, 87, 99, 117, 146, 163, 167, 206, 225, 288, 352, 484, 566]
41: [5, 37, 9, 51, 88, 89, 201, 289, 305, 464, 499, 501]
42: [1, 10, 22, 93, 219]
43: [11, 24, 2, 74, 84, 125, 131, 162, 194, 283, 301, 422, 516]
44: [29, 20, 10, 131, 257, 345]
45: [0, 15, 2, 58, 82, 102, 104, 249, 346, 363, 397, 408, 430]
46: [14, 5, 3, 169, 240, 326]
47: [0, 7, 5, 231]
48: [22, 38, 5, 55, 92, 158, 197, 309, 448, 501]
49: [39, 25, 18, 271]
50: [7, 18, 25, 78, 251, 338]
51: [15, 0, 41, 72, 80, 90, 97, 100, 165, 195, 203, 285, 298, 310, 343, 387, 410, 478, 537]
52: [11, 6, 1, 60, 64, 98, 105, 115, 128, 218, 279, 382, 384, 404, 421, 483, 500]
53: [7, 1, 33, 156, 461, 550]
54: [13, 9, 34, 62, 86, 98, 111, 136, 166, 253, 297, 385, 409, 415, 569]
55: [12, 48, 6, 175, 188, 237, 258, 359, 495, 515]
56: [13, 5, 34, 179]
57: [11, 27, 7, 123, 230, 291, 437, 449]
58: [24, 45, 36, 164, 280]
59: [19, 7, 13, 74, 78, 126, 137, 241, 277, 281, 291, 354, 403, 453, 467, 484, 511, 560]
60: [6, 2, 52, 314, 318, 388]
61: [35, 26, 31, 65, 109, 135, 179, 192, 226, 244, 337, 385, 389, 467, 468, 531]
62: [24, 32, 54, 88, 101, 130, 187, 467, 485]
63: [2, 21, 30]
64: [32, 52, 33, 77, 102, 186, 198, 450]
65: [5, 61, 18, 120, 176, 267, 407, 547]
66: [4, 21, 6, 104, 204, 247, 365, 559]
67: [32, 5, 7, 116, 146, 222, 237, 349, 376]
68: [14, 10, 2, 94, 115, 147, 227, 356, 543]
69: [2, 19, 16, 87, 114, 134, 173, 324, 370, 375, 401, 454]
70: [38, 29, 13, 425]
71: [1, 34, 4, 72, 79, 80, 190, 243, 278, 322, 375, 396]
72: [51, 2, 71, 112, 134, 152, 234, 277, 410]
73: [34, 10, 29, 130, 133, 134, 176, 185, 309, 369, 494, 518]
74: [43, 11, 59, 280, 505]
75: [18, 9, 6, 210, 434, 494, 509]
76: [4, 1, 11, 156, 171, 174, 265, 417, 500, 564]
77: [0, 64, 15, 90, 148, 463, 491]
78: [50, 13, 59, 95, 105, 109, 224, 240, 463, 475, 487, 530]
79: [71, 16, 7, 402]
80: [71, 51, 6, 96, 188, 457]
81: [6, 18, 4, 103, 108, 127, 164, 187, 222, 308, 343, 346, 431, 432, 496, 519, 557, 571]
82: [9, 45, 13, 96, 98, 143, 177, 179, 186, 193, 287, 292, 314, 329, 482, 542]
83: [38, 0, 7, 109, 139, 217, 384, 435, 446, 451, 468, 472, 473, 514, 524]
84: [13, 43, 16, 157, 239, 291, 307, 474, 478, 500]
85: [4, 14, 1, 498]
86: [0, 54, 1, 142, 475]
87: [36, 40, 69, 106, 211, 301, 340]
88: [41, 0, 62, 195, 328, 362]
89: [29, 41, 23, 112, 168, 516]
90: [18, 51, 77, 110]
91: [2, 38, 28, 93, 103, 118, 136, 173, 196, 270, 327, 449, 455]
92: [6, 18, 48, 221, 246, 251, 333, 379, 535]
93: [91, 34, 42, 129, 180, 299]
94: [68, 18, 15, 141, 176, 204, 376, 409, 448, 476]
95: [78, 3, 11, 111, 205, 234, 429, 456, 570]
96: [82, 80, 16, 97, 101, 118, 153, 296, 396, 486, 513]
97: [1, 51, 96, 159, 198, 233, 244, 428]
98: [82, 54, 52, 255, 396, 483, 565]
99: [26, 40, 6, 116, 165, 366, 533]
100: [7, 9, 51, 113, 122, 144, 286, 293, 462, 574]
101: [62, 96, 28, 304]
102: [64, 21, 45, 332]
103: [5, 81, 91, 170, 202, 382, 460]
104: [16, 66, 45, 110, 189, 261]
105: [9, 52, 78, 364, 379, 406, 487, 570]
106: [5, 87, 12, 138, 256, 465]
107: [9, 5, 3, 122, 499, 502]
108: [5, 81, 16, 313, 482]
109: [78, 61, 83, 240, 310, 319, 455]
110: [90, 36, 104, 188]
111: [5, 54, 95]
112: [89, 27, 72, 146, 152, 165, 232, 246, 386, 441, 466, 508, 522, 563]
113: [100, 6, 20, 259, 263, 267, 269, 306, 383]
114: [22, 31, 69, 160, 172]
115: [52, 68, 14]
116: [67, 99, 21, 123, 325]
117: [40, 13, 7, 129, 274, 399, 435, 501]
118: [96, 91, 5]
119: [21, 31, 6, 182, 362]
120: [65, 7, 32, 121, 294, 337, 434]
121: [10, 36, 120, 268]
122: [13, 100, 107, 137, 138, 349, 421, 461]
123: [57, 0, 116, 124, 183, 257, 419, 439]
124: [0, 123, 19]
125: [13, 43, 1, 402, 567]
126: [59, 5, 28, 136, 233, 293, 347, 348]
127: [81, 16, 18, 130, 210, 226, 227, 339, 380, 415, 493, 503, 512, 534, 536]
128: [28, 6, 52, 140, 180, 322]
129: [13, 117, 93, 202, 370, 452, 474, 561]
130: [73, 127, 62, 193, 360, 361, 538]
131: [44, 7, 43]
132: [18, 2, 30, 151, 167, 173, 382, 470]
133: [19, 73, 6, 239, 368, 475, 517]
134: [69, 73, 72]
135: [5, 61, 13]
136: [54, 91, 126, 160, 208, 219, 243]
137: [2, 122, 59, 140, 171, 234, 314, 316, 321, 354, 497, 498]
138: [122, 0, 106, 572]
139: [21, 83, 7]
140: [137, 128, 1, 148, 161, 175, 254, 295, 344, 388]
141: [94, 27, 10, 194]
142: [11, 86, 0, 336, 424]
143: [82, 4, 6, 216, 362, 470, 569]
144: [0, 7, 100, 153, 298, 426, 441]
145: [15, 21, 7, 156, 166, 192, 232, 279, 283, 307, 485]
146: [67, 112, 40, 191, 377, 479]
147: [36, 68, 28, 229, 383, 427, 553]
148: [140, 36, 77, 302, 418]
149: [34, 2, 5, 255, 304, 458, 546]
150: [2, 1, 10]
151: [24, 132, 16, 264, 268, 336, 472, 541]
152: [112, 34, 72, 162, 227, 236, 339, 404, 416, 488]
153: [144, 96, 33, 169, 313]
154: [14, 22, 18, 215, 300, 506]
155: [6, 2, 16, 311, 438]
156: [76, 53, 145, 182, 199, 221]
157: [10, 84, 0, 178, 181, 185, 220, 338, 378, 445, 446, 515, 528]
158: [48, 30, 18, 264, 358]
159: [22, 97, 5, 162, 427]
160: [13, 136, 114, 206]
161: [16, 140, 35, 174, 212, 344, 511]
162: [152, 43, 159]
163: [18, 40, 9, 315, 341, 570]
164: [3, 81, 58, 235, 443, 505]
165: [99, 51, 112, 284, 532, 546]
166: [54, 2, 145]
167: [40, 7, 132, 335, 380]
168: [15, 89, 36, 275]
169: [14, 46, 153, 567]
170: [2, 103, 16, 182, 366]
171: [137, 76, 27]
172: [114, 36, 28, 207, 272, 294]
173: [132, 91, 69]
174: [28, 76, 161, 225, 423, 511]
175: [13, 140, 55, 181, 196, 228, 259, 275, 350, 496, 559]
176: [65, 73, 94, 204, 352]
177: [4, 2, 82]
178: [2, 6, 157, 325, 334, 343, 361, 517]
179: [82, 61, 56, 278]
180: [128, 0, 93, 305, 395]
181: [175, 157, 8, 374]
182: [156, 170, 119, 189, 211, 216, 258, 311, 357, 442, 542]
183: [23, 123, 13, 420]
184: [34, 4, 6]
185: [157, 73, 13, 195, 238]
186: [82, 64, 35, 365, 451]
187: [6, 62, 81, 309, 347, 411]
188: [110, 80, 55]
189: [6, 104, 182, 294, 465]
190: [0, 71, 14, 502]
191: [146, 15, 30]
192: [61, 20, 145, 206, 213]
193: [82, 6, 130, 351]
194: [43, 22, 141, 503]
195: [185, 51, 88, 413, 428]
196: [91, 18, 175]
197: [0, 9, 48, 295, 447, 552]
198: [97, 5, 64, 395]
199: [156, 6, 1, 248, 391, 489]
200: [2, 0, 31, 209, 265, 308, 357, 401, 437, 469, 557]
201: [10, 41, 0, 275, 484]
202: [129, 103, 2, 223]
203: [14, 51, 35, 274, 416]
204: [66, 94, 176, 321]
205: [95, 2, 12, 274, 507]
206: [40, 192, 160, 400, 543]
207: [31, 5, 172, 543]
208: [9, 136, 1, 399]
209: [200, 32, 34, 249, 252, 300, 432, 535, 549]
210: [75, 7, 127, 248]
211: [87, 39, 182, 231, 367]
212: [11, 161, 20, 222]
213: [4, 17, 192, 436]
214: [1, 6, 24, 219, 242, 367]
215: [6, 154, 1, 266]
216: [182, 14, 143, 242, 297, 459]
217: [25, 2, 83, 229, 549]
218: [0, 22, 52, 299]
219: [42, 136, 214, 551]
220: [157, 16, 2, 324, 346]
221: [6, 92, 156]
222: [81, 212, 67, 496]
223: [7, 202, 6]
224: [0, 78, 6, 230, 438]
225: [21, 174, 40]
226: [1, 127, 61]
227: [68, 127, 152, 509]
228: [5, 175, 7, 371, 417]
229: [36, 217, 147, 420]
230: [57, 6, 224]
231: [19, 47, 211, 262]
232: [2, 145, 112, 531]
233: [97, 5, 126]
234: [72, 95, 137]
235: [18, 164, 2]
236: [25, 152, 22, 371, 521]
237: [67, 14, 55, 392]
238: [185, 14, 4, 499]
239: [133, 34, 84]
240: [109, 46, 78, 575]
241: [34, 6, 59, 404]
242: [18, 214, 216, 262, 288, 476]
243: [136, 71, 5, 465]
244: [1, 61, 97, 425, 508]
245: [32, 2, 18, 356, 530]
246: [92, 112, 18]
247: [16, 66, 23, 336, 373]
248: [199, 31, 210, 269, 414]
249: [7, 209, 45, 407, 456, 488, 569, 573]
250: [28, 5, 14, 258, 292, 329]
251: [92, 50, 6, 394, 524]
252: [25, 11, 209, 423, 539, 561]
253: [5, 54, 4]
254: [11, 140, 33, 358]
255: [149, 98, 1, 317, 372, 517, 565]
256: [1, 106, 4]
257: [123, 44, 4, 322]
258: [182, 55, 250, 279, 323]
259: [113, 0, 175, 349, 472, 518]
260: [36, 32, 39, 523, 564]
261: [104, 18, 28, 313, 397]
262: [231, 15, 242]
263: [18, 6, 113, 388]
264: [158, 151, 1, 347, 536]
265: [200, 76, 0, 281, 332]
266: [7, 215, 16]
267: [65, 113, 0, 430]
268: [121, 10, 151, 360]
269: [248, 113, 4, 368, 448, 515]
270: [11, 91, 15, 344, 520]
271: [49, 6, 34, 288, 449]
272: [27, 6, 172, 327, 427, 459]
273: [36, 7, 5]
274: [117, 205, 203]
275: [168, 201, 175]
276: [29, 4, 36, 330, 334, 478]
277: [72, 59, 15, 307]
278: [34, 71, 179, 548, 575]
279: [258, 145, 52]
280: [39, 74, 58, 447]
281: [59, 16, 265]
282: [14, 7, 6, 391, 413, 468]
283: [145, 21, 43, 390, 454, 528, 542]
284: [36, 6, 165]
285: [10, 0, 51, 425]
286: [10, 5, 100, 293, 490]
287: [82, 12, 11, 302, 345, 440]
288: [242, 40, 271, 302, 317, 348]
289: [41, 6, 31]
290: [31, 29, 2]
291: [57, 59, 84, 304, 369, 526]
292: [250, 82, 28]
293: [100, 286, 126]
294: [189, 120, 172, 401]
295: [14, 197, 140]
296: [96, 1, 18, 319, 471, 525]
297: [216, 54, 7, 442]
298: [51, 6, 144, 452]
299: [35, 218, 93]
300: [209, 16, 154, 367]
301: [9, 87, 43, 330, 374]
302: [288, 287, 148, 306, 315, 320, 329, 355, 520, 558]
303: [5, 39, 2]
304: [101, 149, 291]
305: [0, 41, 180, 330, 335, 355, 429]
306: [113, 302, 7]
307: [145, 84, 277]
308: [81, 4, 200]
309: [48, 187, 73]
310: [109, 51, 18, 447]
311: [155, 182, 13, 454, 509]
312: [28, 6, 30, 391]
313: [108, 261, 153, 557]
314: [60, 82, 137, 323, 412, 415, 548]
315: [302, 163, 18, 374, 477]
316: [12, 1, 137, 389, 430, 545]
317: [255, 288, 9, 400, 485]
318: [60, 14, 35, 558]
319: [34, 296, 109, 373, 479]
320: [302, 0, 6]
321: [204, 26, 137, 405, 462, 513, 552]
322: [128, 71, 257, 337]
323: [5, 314, 258, 407]
324: [69, 220, 18, 333, 456, 459, 492, 550]
325: [31, 178, 116]
326: [11, 46, 18, 410, 439]
327: [29, 272, 91, 398]
328: [9, 88, 0, 432, 433]
329: [82, 302, 250]
330: [301, 305, 276]
331: [30, 2, 25, 406]
332: [102, 265, 2, 372]
333: [1, 92, 324, 378, 473]
334: [276, 178, 9]
335: [0, 167, 305, 419]
336: [151, 247, 142, 364, 386, 540]
337: [61, 322, 120]
338: [157, 50, 1, 354]
339: [127, 17, 152]
340: [0, 22, 87, 450]
341: [11, 2, 163, 529, 558]
342: [34, 9, 22]
343: [51, 178, 81, 553]
344: [140, 161, 270]
345: [31, 287, 44]
346: [81, 220, 45, 424, 527]
347: [126, 187, 264, 394]
348: [7, 126, 288]
349: [67, 122, 259, 466]
350: [36, 7, 175]
351: [14, 193, 23, 373]
352: [176, 32, 40]
353: [4, 6, 20, 549]
354: [338, 59, 137, 492]
355: [302, 36, 305]
356: [13, 245, 68]
357: [200, 182, 7, 395, 413, 493, 514]
358: [254, 5, 158]
359: [31, 6, 55, 480]
360: [130, 4, 268]
361: [178, 15, 130, 424, 426]
362: [143, 119, 88, 363, 402, 533]
363: [32, 362, 45]
364: [105, 1, 336]
365: [66, 186, 36, 522]
366: [13, 170, 99]
367: [300, 211, 214]
368: [133, 269, 7, 482]
369: [291, 2, 73]
370: [129, 13, 69, 416]
371: [18, 228, 236, 532]
372: [255, 14, 332, 383]
373: [247, 351, 319]
374: [315, 301, 181]
375: [19, 69, 71, 390]
376: [67, 5, 94, 537]
377: [7, 14, 146, 400, 444]
378: [11, 157, 333]
379: [105, 92, 22, 506]
380: [36, 167, 127, 445, 457]
381: [0, 11, 5, 433]
382: [52, 103, 132]
383: [147, 113, 372, 387, 506]
384: [83, 52, 24]
385: [61, 20, 54, 480, 498]
386: [336, 112, 6]
387: [383, 19, 51, 510]
388: [263, 60, 140]
389: [33, 61, 316]
390: [283, 375, 35]
391: [199, 312, 282]
392: [9, 237, 12, 507]
393: [14, 9, 18, 408, 556]
394: [21, 347, 251, 555]
395: [198, 357, 180]
396: [98, 71, 96, 469]
397: [0, 45, 261]
398: [28, 327, 8]
399: [1, 208, 117]
400: [317, 206, 377, 567]
401: [200, 294, 69]
402: [125, 362, 79, 450]
403: [10, 59, 1]
404: [52, 152, 241]
405: [31, 5, 321]
406: [1, 105, 331]
407: [65, 323, 249]
408: [393, 7, 45]
409: [14, 54, 94, 460, 461]
410: [72, 326, 51]
411: [187, 7, 10]
412: [38, 314, 14]
413: [195, 282, 357]
414: [29, 248, 5]
415: [314, 127, 54]
416: [370, 203, 152, 490]
417: [16, 76, 228, 436]
418: [18, 0, 148]
419: [123, 335, 10]
420: [6, 229, 183]
421: [52, 122, 16]
422: [25, 16, 43]
423: [11, 252, 174]
424: [142, 361, 346, 516]
425: [285, 244, 70]
426: [30, 144, 361]
427: [159, 147, 272]
428: [97, 22, 195]
429: [0, 305, 95, 537]
430: [267, 316, 45, 519]
431: [21, 7, 81, 481, 486]
432: [209, 81, 328]
433: [328, 30, 381]
434: [75, 120, 29]
435: [83, 2, 117, 470]
436: [417, 213, 21]
437: [200, 10, 57]
438: [224, 28, 155, 575]
439: [1, 326, 123]
440: [18, 287, 5, 481, 493]
441: [112, 36, 144]
442: [36, 297, 182, 566]
443: [164, 5, 9, 495]
444: [1, 2, 377]
445: [21, 380, 157]
446: [83, 5, 157]
447: [280, 310, 197]
448: [94, 48, 269]
449: [271, 57, 91, 464]
450: [340, 64, 402]
451: [5, 186, 83]
452: [11, 129, 298, 476]
453: [30, 59, 18]
454: [69, 283, 311]
455: [109, 91, 5]
456: [249, 324, 95, 545]
457: [380, 80, 36]
458: [1, 0, 149]
459: [216, 324, 272]
460: [103, 9, 409]
461: [53, 409, 122]
462: [14, 100, 321, 491]
463: [25, 78, 77]
464: [41, 449, 10]
465: [243, 189, 106]
466: [349, 34, 112, 521]
467: [59, 61, 62]
468: [83, 61, 282]
469: [14, 396, 200]
470: [132, 143, 435, 556]
471: [296, 9, 0, 547]
472: [83, 151, 259]
473: [9, 333, 83]
474: [129, 84, 6]
475: [78, 86, 133]
476: [452, 242, 94]
477: [315, 11, 5, 514]
478: [84, 51, 276, 519]
479: [6, 319, 146]
480: [385, 359, 35, 573]
481: [431, 440, 32]
482: [368, 108, 82]
483: [21, 98, 52]
484: [40, 59, 201, 551]
485: [62, 145, 317]
486: [431, 96, 14, 491, 518]
487: [105, 4, 78]
488: [35, 152, 249]
489: [6, 199, 17]
490: [286, 416, 21, 505, 544]
491: [462, 77, 486]
492: [354, 2, 324]
493: [357, 127, 440]
494: [5, 75, 73]
495: [2, 55, 443, 497]
496: [81, 222, 175]
497: [137, 495, 6]
498: [385, 137, 85]
499: [238, 41, 107, 560]
500: [52, 76, 84]
501: [117, 48, 41]
502: [107, 29, 190]
503: [194, 127, 34]
504: [6, 7, 4]
505: [490, 74, 164]
506: [383, 154, 379]
507: [205, 392, 7]
508: [244, 5, 112]
509: [227, 75, 311]
510: [387, 32, 34]
511: [174, 161, 59]
512: [10, 127, 6, 572]
513: [16, 96, 321]
514: [477, 83, 357]
515: [157, 269, 55]
516: [43, 424, 89]
517: [178, 255, 133]
518: [486, 259, 73]
519: [81, 478, 430]
520: [1, 270, 302]
521: [466, 236, 13, 554]
522: [18, 112, 365]
523: [260, 26, 0]
524: [251, 4, 83, 562]
525: [13, 296, 5]
526: [14, 0, 291, 568]
527: [346, 10, 5]
528: [28, 283, 157]
529: [341, 7, 29]
530: [78, 7, 245, 564]
531: [232, 61, 15]
532: [165, 5, 371, 554]
533: [99, 6, 362]
534: [10, 127, 29]
535: [6, 209, 92, 544]
536: [30, 127, 264]
537: [429, 376, 51]
538: [130, 16, 0]
539: [30, 0, 252]
540: [1, 336, 2]
541: [2, 151, 27]
542: [182, 283, 82]
543: [68, 207, 206, 548]
544: [490, 535, 6]
545: [456, 316, 1]
546: [32, 149, 165]
547: [65, 471, 12]
548: [543, 278, 314]
549: [217, 209, 353, 571]
550: [324, 26, 53]
551: [219, 484, 36, 563]
552: [197, 321, 5]
553: [343, 147, 38]
554: [521, 532, 33]
555: [1, 394, 2]
556: [393, 470, 21]
557: [313, 200, 81]
558: [302, 318, 341]
559: [66, 175, 14]
560: [499, 59, 38]
561: [129, 18, 252]
562: [524, 6, 9]
563: [112, 551, 24]
564: [530, 76, 260]
565: [255, 98, 29]
566: [442, 11, 40]
567: [125, 169, 400]
568: [4, 34, 526]
569: [143, 249, 54]
570: [95, 163, 105]
571: [549, 22, 81]
572: [512, 138, 39]
573: [480, 249, 31]
574: [28, 34, 100]
575: [240, 278, 438]
Corners: [572, 573, 574, 575]