0: [1, 2]
1: [0, 3]
2: [0, 4]
3: [1, 5, 6]
4: [2, 6, 7]
5: [3, 8]
6: [3, 4, 9]
7: [4, 10]
8: [5, 11, 12]
9: [6, 12, 13]
10: [7, 13, 14]
11: [8, 15]
12: [8, 9, 16]
13: [9, 10, 17]
14: [10, 18]
15: [11, 19, 20]
16: [12, 20, 21]
17: [13, 21, 22]
18: [14, 22, 23]
19: [15, 24]
20: [15, 16, 25]
21: [16, 17, 26]
22: [17, 18, 27]
23: [18, 28]
24: [19, 29, 30]
25: [20, 30, 31]
26: [21, 31, 32]
27: [22, 32, 33]
28: [23, 33, 34]
29: [24, 35]
30: [24, 25, 36]
31: [25, 26, 37]
32: [26, 27, 38]
33: [27, 28, 39]
34: [28, 40]
35: [29, 41, 42]
36: [30, 42, 43]
37: [31, 43, 44]
38: [32, 44, 45]
39: [33, 45, 46]
40: [34, 46, 47]
41: [35, 48]
42: [35, 36, 49]
43: [36, 37, 50]
44: [37, 38, 51]
45: [38, 39, 52]
46: [39, 40, 53]
47: [40, 54]
48: [41, 55, 56]
49: [42, 56, 57]
50: [43, 57, 58]
51: [44, 58, 59]
52: [45, 59, 60]
53: [46, 60, 61]
54: [47, 61, 62]
55: [48, 63]
56: [48, 49, 64]
57: [49, 50, 65]
58: [50, 51, 66]
59: [51, 52, 67]
60: [52, 53, 68]
61: [53, 54, 69]
62: [54, 70]
63: [55, 71, 72]
64: [56, 72, 73]
65: [57, 73, 74]
66: [58, 74, 75]
67: [59, 75, 76]
68: [60, 76, 77]
69: [61, 77, 78]
70: [62, 78, 79]
71: [63, 80]
72: [63, 64, 81]
73: [64, 65, 82]
74: [65, 66, 83]
75: [66, 67, 84]
76: [67, 68, 85]
77: [68, 69, 86]
78: [69, 70, 87]
79: [70, 88]
80: [71, 89, 90]
81: [72, 90, 91]
82: [73, 91, 92]
83: [74, 92, 93]
84: [75, 93, 94]
85: [76, 94, 95]
86: [77, 95, 96]
87: [78, 96, 97]
88: [79, 97, 98]
89: [80, 99]
90: [80, 81, 100]
91: [81, 82, 101]
92: [82, 83, 102]
93: [83, 84, 103]
94: [84, 85, 104]
95: [85, 86, 105]
96: [86, 87, 106]
97: [87, 88, 107]
98: [88, 108]
99: [89, 109, 110]
100: [90, 110, 111]
101: [91, 111, 112]
102: [92, 112, 113]
103: [93, 113, 114]
104: [94, 114, 115]
105: [95, 115, 116]
106: [96, 116, 117]
107: [97, 117, 118]
108: [98, 118, 119]
109: [99, 120]
110: [99, 100, 121]
111: [100, 101, 122]
112: [101, 102, 123]
113: [102, 103, 124]
114: [103, 104, 125]
115: [104, 105, 126]
116: [105, 106, 127]
117: [106, 107, 128]
118: [107, 108, 129]
119: [108, 130]
120: [109, 131, 132]
121: [110, 132, 133]
122: [111, 133, 134]
123: [112, 134, 135]
124: [113, 135, 136]
125: [114, 136, 137]
126: [115, 137, 138]
127: [116, 138, 139]
128: [117, 139, 140]
129: [118, 140, 141]
130: [119, 141, 142]
131: [120, 143]
132: [120, 121, 144]
133: [121, 122, 145]
134: [122, 123, 146]
135: [123, 124, 147]
136: [124, 125, 148]
137: [125, 126, 149]
138: [126, 127, 150]
139: [127, 128, 151]
140: [128, 129, 152]
141: [129, 130, 153]
142: [130, 154]
143: [131, 155, 156]
144: [132, 156, 157]
145: [133, 157, 158]
146: [134, 158, 159]
147: [135, 159, 160]
148: [136, 160, 161]
149: [137, 161, 162]
150: [138, 162, 163]
151: [139, 163, 164]
152: [140, 164, 165]
153: [141, 165, 166]
154: [142, 166, 167]
155: [143, 168]
156: [143, 144, 169]
157: [144, 145, 170]
158: [145, 146, 171]
159: [146, 147, 172]
160: [147, 148, 173]
161: [148, 149, 174]
162: [149, 150, 175]
163: [150, 151, 176]
164: [151, 152, 177]
165: [152, 153, 178]
166: [153, 154, 179]
167: [154, 180]
168: [155, 181, 182]
169: [156, 182, 183]
170: [157, 183, 184]
171: [158, 184, 185]
172: [159, 185, 186]
173: [160, 186, 187]
174: [161, 187, 188]
175: [162, 188, 189]
176: [163, 189, 190]
177: [164, 190, 191]
178: [165, 191, 192]
179: [166, 192, 193]
180: [167, 193, 194]
181: [168, 195]
182: [168, 169, 196]
183: [169, 170, 197]
184: [170, 171, 198]
185: [171, 172, 199]
186: [172, 173, 200]
187: [173, 174, 201]
188: [174, 175, 202]
189: [175, 176, 203]
190: [176, 177, 204]
191: [177, 178, 205]
192: [178, 179, 206]
193: [179, 180, 207]
194: [180, 208]
195: [181, 209]
196: [182, 209, 210]
197: [183, 210, 211]
198: [184, 211, 212]
199: [185, 212, 213]
200: [186, 213, 214]
201: [187, 214, 215]
202: [188, 215, 216]
203: [189, 216, 217]
204: [190, 217, 218]
205: [191, 218, 219]
206: [192, 219, 220]
207: [193, 220, 221]
208: [194, 221]
209: [195, 196]
210: [196, 197]
211: [197, 198]
212: [198, 199]
213: [199, 200]
214: [200, 201]
215: [201, 202]
216: [202, 203]
217: [203, 204]
218: [204, 205]
219: [205, 206]
220: [206, 207]
221: [207, 208]
Corners: [0, 195, 209]