0: [1, 2]
1: [0, 3]
2: [0, 4]
3: [1, 5, 6]
4: [2, 6, 7]
5: [3, 8]
6: [3, 4, 9]
7: [4, 10]
8: [5, 11, 12]
9: [6, 12, 13]
10: [7, 13, 14]
11: [8, 15]
12: [8, 9, 16]
13: [9, 10, 17]
14: [10, 18]
15: [11, 19, 20]
16: [12, 20, 21]
17: [13, 21, 22]
18: [14, 22, 23]
19: [15, 24]
20: [15, 16, 25]
21: [16, 17, 26]
22: [17, 18, 27]
23: [18, 28]
24: [19, 29, 30]
25: [20, 30, 31]
26: [21, 31, 32]
27: [22, 32, 33]
28: [23, 33, 34]
29: [24, 35]
30: [24, 25, 36]
31: [25, 26, 37]
32: [26, 27, 38]
33: [27, 28, 39]
34: [28, 40]
35: [29, 41, 42]
36: [30, 42, 43]
37: [31, 43, 44]
38: [32, 44, 45]
39: [33, 45, 46]
40: [34, 46, 47]
41: [35, 48]
42: [35, 36, 49]
43: [36, 37, 50]
44: [37, 38, 51]
45: [38, 39, 52]
46: [39, 40, 53]
47: [40, 54]
48: [41, 55, 56]
49: [42, 56, 57]
50: [43, 57, 58]
51: [44, 58, 59]
52: [45, 59, 60]
53: [46, 60, 61]
54: [47, 61, 62]
55: [48, 63]
56: [48, 49, 64]
57: [49, 50, 65]
58: [50, 51, 66]
59: [51, 52, 67]
60: [52, 53, 68]
61: [53, 54, 69]
62: [54, 70]
63: [55, 71, 72]
64: [56, 72, 73]
65: [57, 73, 74]
66: [58, 74, 75]
67: [59, 75, 76]
68: [60, 76, 77]
69: [61, 77, 78]
70: [62, 78, 79]
71: [63, 80]
72: [63, 64, 81]
73: [64, 65, 82]
74: [65, 66, 83]
75: [66, 67, 84]
76: [67, 68, 85]
77: [68, 69, 86]
78: [69, 70, 87]
79: [70, 88]
80: [71, 89, 90]
81: [72, 90, 91]
82: [73, 91, 92]
83: [74, 92, 93]
84: [75, 93, 94]
85: [76, 94, 95]
86: [77, 95, 96]
87: [78, 96, 97]
88: [79, 97, 98]
89: [80, 99]
90: [80, 81, 100]
91: [81, 82, 101]
92: [82, 83, 102]
93: [83, 84, 103]
94: [84, 85, 104]
95: [85, 86, 105]
96: [86, 87, 106]
97: [87, 88, 107]
98: [88, 108]
99: [89, 109, 110]
100: [90, 110, 111]
101: [91, 111, 112]
102: [92, 112, 113]
103: [93, 113, 114]
104: [94, 114, 115]
105: [95, 115, 116]
106: [96, 116, 117]
107: [97, 117, 118]
108: [98, 118, 119]
109: [99, 120]
110: [99, 100, 121]
111: [100, 101, 122]
112: [101, 102, 123]
113: [102, 103, 124]
114: [103, 104, 125]
115: [104, 105, 126]
116: [105, 106, 127]
117: [106, 107, 128]
118: [107, 108, 129]
119: [108, 130]
120: [109, 131, 132]
121: [110, 132, 133]
122: [111, 133, 134]
123: [112, 134, 135]
124: [113, 135, 136]
125: [114, 136, 137]
126: [115, 137, 138]
127: [116, 138, 139]
128: [117, 139, 140]
129: [118, 140, 141]
130: [119, 141, 142]
131: [120, 143]
132: [120, 121, 144]
133: [121, 122, 145]
134: [122, 123, 146]
135: [123, 124, 147]
136: [124, 125, 148]
137: [125, 126, 149]
138: [126, 127, 150]
139: [127, 128, 151]
140: [128, 129, 152]
141: [129, 130, 153]
142: [130, 154]
143: [131, 155, 156]
144: [132, 156, 157]
145: [133, 157, 158]
146: [134, 158, 159]
147: [135, 159, 160]
148: [136, 160, 161]
149: [137, 161, 162]
150: [138, 162, 163]
151: [139, 163, 164]
152: [140, 164, 165]
153: [141, 165, 166]
154: [142, 166, 167]
155: [143, 168]
156: [143, 144, 169]
157: [144, 145, 170]
158: [145, 146, 171]
159: [146, 147, 172]
160: [147, 148, 173]
161: [148, 149, 174]
162: [149, 150, 175]
163: [150, 151, 176]
164: [151, 152, 177]
165: [152, 153, 178]
166: [153, 154, 179]
167: [154, 180]
168: [155, 181, 182]
169: [156, 182, 183]
170: [157, 183, 184]
171: [158, 184, 185]
172: [159, 185, 186]
173: [160, 186, 187]
174: [161, 187, 188]
175: [162, 188, 189]
176: [163, 189, 190]
177: [164, 190, 191]
178: [165, 191, 192]
179: [166, 192, 193]
180: [167, 193, 194]
181: [168, 195]
182: [168, 169, 196]
183: [169, 170, 197]
184: [170, 171, 198]
185: [171, 172, 199]
186: [172, 173, 200]
187: [173, 174, 201]
188: [174, 175, 202]
189: [175, 176, 203]
190: [176, 177, 204]
191: [177, 178, 205]
192: [178, 179, 206]
193: [179, 180, 207]
194: [180, 208]
195: [181, 209, 210]
196: [182, 210, 211]
197: [183, 211, 212]
198: [184, 212, 213]
199: [185, 213, 214]
200: [186, 214, 215]
201: [187, 215, 216]
202: [188, 216, 217]
203: [189, 217, 218]
204: [190, 218, 219]
205: [191, 219, 220]
206: [192, 220, 221]
207: [193, 221, 222]
208: [194, 222, 223]
209: [195, 224]
210: [195, 196, 225]
211: [196, 197, 226]
212: [197, 198, 227]
213: [198, 199, 228]
214: [199, 200, 229]
215: [200, 201, 230]
216: [201, 202, 231]
217: [202, 203, 232]
218: [203, 204, 233]
219: [204, 205, 234]
220: [205, 206, 235]
221: [206, 207, 236]
222: [207, 208, 237]
223: [208, 238]
224: [209, 239, 240]
225: [210, 240, 241]
226: [211, 241, 242]
227: [212, 242, 243]
228: [213, 243, 244]
229: [214, 244, 245]
230: [215, 245, 246]
231: [216, 246, 247]
232: [217, 247, 248]
233: [218, 248, 249]
234: [219, 249, 250]
235: [220, 250, 251]
236: [221, 251, 252]
237: [222, 252, 253]
238: [223, 253, 254]
239: [224, 255]
240: [224, 225, 256]
241: [225, 226, 257]
242: [226, 227, 258]
243: [227, 228, 259]
244: [228, 229, 260]
245: [229, 230, 261]
246: [230, 231, 262]
247: [231, 232, 263]
248: [232, 233, 264]
249: [233, 234, 265]
250: [234, 235, 266]
251: [235, 236, 267]
252: [236, 237, 268]
253: [237, 238, 269]
254: [238, 270]
255: [239, 271, 272]
256: [240, 272, 273]
257: [241, 273, 274]
258: [242, 274, 275]
259: [243, 275, 276]
260: [244, 276, 277]
261: [245, 277, 278]
262: [246, 278, 279]
263: [247, 279, 280]
264: [248, 280, 281]
265: [249, 281, 282]
266: [250, 282, 283]
267: [251, 283, 284]
268: [252, 284, 285]
269: [253, 285, 286]
270: [254, 286, 287]
271: [255, 288]
272: [255, 256, 289]
273: [256, 257, 290]
274: [257, 258, 291]
275: [258, 259, 292]
276: [259, 260, 293]
277: [260, 261, 294]
278: [261, 262, 295]
279: [262, 263, 296]
280: [263, 264, 297]
281: [264, 265, 298]
282: [265, 266, 299]
283: [266, 267, 300]
284: [267, 268, 301]
285: [268, 269, 302]
286: [269, 270, 303]
287: [270, 304]
288: [271, 305, 306]
289: [272, 306, 307]
290: [273, 307, 308]
291: [274, 308, 309]
292: [275, 309, 310]
293: [276, 310, 311]
294: [277, 311, 312]
295: [278, 312, 313]
296: [279, 313, 314]
297: [280, 314, 315]
298: [281, 315, 316]
299: [282, 316, 317]
300: [283, 317, 318]
301: [284, 318, 319]
302: [285, 319, 320]
303: [286, 320, 321]
304: [287, 321, 322]
305: [288, 323]
306: [288, 289, 324]
307: [289, 290, 325]
308: [290, 291, 326]
309: [291, 292, 327]
310: [292, 293, 328]
311: [293, 294, 329]
312: [294, 295, 330]
313: [295, 296, 331]
314: [296, 297, 332]
315: [297, 298, 333]
316: [298, 299, 334]
317: [299, 300, 335]
318: [300, 301, 336]
319: [301, 302, 337]
320: [302, 303, 338]
321: [303, 304, 339]
322: [304, 340]
323: [305, 341, 342]
324: [306, 342, 343]
325: [307, 343, 344]
326: [308, 344, 345]
327: [309, 345, 346]
328: [310, 346, 347]
329: [311, 347, 348]
330: [312, 348, 349]
331: [313, 349, 350]
332: [314, 350, 351]
333: [315, 351, 352]
334: [316, 352, 353]
335: [317, 353, 354]
336: [318, 354, 355]
337: [319, 355, 356]
338: [320, 356, 357]
339: [321, 357, 358]
340: [322, 358, 359]
341: [323, 360]
342: [323, 324, 361]
343: [324, 325, 362]
344: [325, 326, 363]
345: [326, 327, 364]
346: [327, 328, 365]
347: [328, 329, 366]
348: [329, 330, 367]
349: [330, 331, 368]
350: [331, 332, 369]
351: [332, 333, 370]
352: [333, 334, 371]
353: [334, 335, 372]
354: [335, 336, 373]
355: [336, 337, 374]
356: [337, 338, 375]
357: [338, 339, 376]
358: [339, 340, 377]
359: [340, 378]
360: [341, 379, 380]
361: [342, 380, 381]
362: [343, 381, 382]
363: [344, 382, 383]
364: [345, 383, 384]
365: [346, 384, 385]
366: [347, 385, 386]
367: [348, 386, 387]
368: [349, 387, 388]
369: [350, 388, 389]
370: [351, 389, 390]
371: [352, 390, 391]
372: [353, 391, 392]
373: [354, 392, 393]
374: [355, 393, 394]
375: [356, 394, 395]
376: [357, 395, 396]
377: [358, 396, 397]
378: [359, 397, 398]
379: [360, 399]
380: [360, 361, 400]
381: [361, 362, 401]
382: [362, 363, 402]
383: [363, 364, 403]
384: [364, 365, 404]
385: [365, 366, 405]
386: [366, 367, 406]
387: [367, 368, 407]
388: [368, 369, 408]
389: [369, 370, 409]
390: [370, 371, 410]
391: [371, 372, 411]
392: [372, 373, 412]
393: [373, 374, 413]
394: [374, 375, 414]
395: [375, 376, 415]
396: [376, 377, 416]
397: [377, 378, 417]
398: [378, 418]
399: [379, 419, 420]
400: [380, 420, 421]
401: [381, 421, 422]
402: [382, 422, 423]
403: [383, 423, 424]
404: [384, 424, 425]
405: [385, 425, 426]
406: [386, 426, 427]
407: [387, 427, 428]
408: [388, 428, 429]
409: [389, 429, 430]
410: [390, 430, 431]
411: [391, 431, 432]
412: [392, 432, 433]
413: [393, 433, 434]
414: [394, 434, 435]
415: [395, 435, 436]
416: [396, 436, 437]
417: [397, 437, 438]
418: [398, 438, 439]
419: [399, 440]
420: [399, 400, 441]
421: [400, 401, 442]
422: [401, 402, 443]
423: [402, 403, 444]
424: [403, 404, 445]
425: [404, 405, 446]
426: [405, 406, 447]
427: [406, 407, 448]
428: [407, 408, 449]
429: [408, 409, 450]
430: [409, 410, 451]
431: [410, 411, 452]
432: [411, 412, 453]
433: [412, 413, 454]
434: [413, 414, 455]
435: [414, 415, 456]
436: [415, 416, 457]
437: [416, 417, 458]
438: [417, 418, 459]
439: [418, 460]
440: [419, 461, 462]
441: [420, 462, 463]
442: [421, 463, 464]
443: [422, 464, 465]
444: [423, 465, 466]
445: [424, 466, 467]
446: [425, 467, 468]
447: [426, 468, 469]
448: [427, 469, 470]
449: [428, 470, 471]
450: [429, 471, 472]
451: [430, 472, 473]
452: [431, 473, 474]
453: [432, 474, 475]
454: [433, 475, 476]
455: [434, 476, 477]
456: [435, 477, 478]
457: [436, 478, 479]
458: [437, 479, 480]
459: [438, 480, 481]
460: [439, 481, 482]
461: [440, 483]
462: [440, 441, 484]
463: [441, 442, 485]
464: [442, 443, 486]
465: [443, 444, 487]
466: [444, 445, 488]
467: [445, 446, 489]
468: [446, 447, 490]
469: [447, 448, 491]
470: [448, 449, 492]
471: [449, 450, 493]
472: [450, 451, 494]
473: [451, 452, 495]
474: [452, 453, 496]
475: [453, 454, 497]
476: [454, 455, 498]
477: [455, 456, 499]
478: [456, 457, 500]
479: [457, 458, 501]
480: [458, 459, 502]
481: [459, 460, 503]
482: [460, 504]
483: [461, 505, 506]
484: [462, 506, 507]
485: [463, 507, 508]
486: [464, 508, 509]
487: [465, 509, 510]
488: [466, 510, 511]
489: [467, 511, 512]
490: [468, 512, 513]
491: [469, 513, 514]
492: [470, 514, 515]
493: [471, 515, 516]
494: [472, 516, 517]
495: [473, 517, 518]
496: [474, 518, 519]
497: [475, 519, 520]
498: [476, 520, 521]
499: [477, 521, 522]
500: [478, 522, 523]
501: [479, 523, 524]
502: [480, 524, 525]
503: [481, 525, 526]
504: [482, 526, 527]
505: [483, 528]
506: [483, 484, 529]
507: [484, 485, 530]
508: [485, 486, 531]
509: [486, 487, 532]
510: [487, 488, 533]
511: [488, 489, 534]
512: [489, 490, 535]
513: [490, 491, 536]
514: [491, 492, 537]
515: [492, 493, 538]
516: [493, 494, 539]
517: [494, 495, 540]
518: [495, 496, 541]
519: [496, 497, 542]
520: [497, 498, 543]
521: [498, 499, 544]
522: [499, 500, 545]
523: [500, 501, 546]
524: [501, 502, 547]
525: [502, 503, 548]
526: [503, 504, 549]
527: [504, 550]
528: [505, 551, 552]
529: [506, 552, 553]
530: [507, 553, 554]
531: [508, 554, 555]
532: [509, 555, 556]
533: [510, 556, 557]
534: [511, 557, 558]
535: [512, 558, 559]
536: [513, 559, 560]
537: [514, 560, 561]
538: [515, 561, 562]
539: [516, 562, 563]
540: [517, 563, 564]
541: [518, 564, 565]
542: [519, 565, 566]
543: [520, 566, 567]
544: [521, 567, 568]
545: [522, 568, 569]
546: [523, 569, 570]
547: [524, 570, 571]
548: [525, 571, 572]
549: [526, 572, 573]
550: [527, 573, 574]
551: [528, 575]
552: [528, 529, 576]
553: [529, 530, 577]
554: [530, 531, 578]
555: [531, 532, 579]
556: [532, 533, 580]
557: [533, 534, 581]
558: [534, 535, 582]
559: [535, 536, 583]
560: [536, 537, 584]
561: [537, 538, 585]
562: [538, 539, 586]
563: [539, 540, 587]
564: [540, 541, 588]
565: [541, 542, 589]
566: [542, 543, 590]
567: [543, 544, 591]
568: [544, 545, 592]
569: [545, 546, 593]
570: [546, 547, 594]
571: [547, 548, 595]
572: [548, 549, 596]
573: [549, 550, 597]
574: [550, 598]
575: [551, 599, 600]
576: [552, 600, 601]
577: [553, 601, 602]
578: [554, 602, 603]
579: [555, 603, 604]
580: [556, 604, 605]
581: [557, 605, 606]
582: [558, 606, 607]
583: [559, 607, 608]
584: [560, 608, 609]
585: [561, 609, 610]
586: [562, 610, 611]
587: [563, 611, 612]
588: [564, 612, 613]
589: [565, 613, 614]
590: [566, 614, 615]
591: [567, 615, 616]
592: [568, 616, 617]
593: [569, 617, 618]
594: [570, 618, 619]
595: [571, 619, 620]
596: [572, 620, 621]
597: [573, 621, 622]
598: [574, 622, 623]
599: [575, 624]
600: [575, 576, 625]
601: [576, 577, 626]
602: [577, 578, 627]
603: [578, 579, 628]
604: [579, 580, 629]
605: [580, 581, 630]
606: [581, 582, 631]
607: [582, 583, 632]
608: [583, 584, 633]
609: [584, 585, 634]
610: [585, 586, 635]
611: [586, 587, 636]
612: [587, 588, 637]
613: [588, 589, 638]
614: [589, 590, 639]
615: [590, 591, 640]
616: [591, 592, 641]
617: [592, 593, 642]
618: [593, 594, 643]
619: [594, 595, 644]
620: [595, 596, 645]
621: [596, 597, 646]
622: [597, 598, 647]
623: [598, 648]
624: [599, 649, 650]
625: [600, 650, 651]
626: [601, 651, 652]
627: [602, 652, 653]
628: [603, 653, 654]
629: [604, 654, 655]
630: [605, 655, 656]
631: [606, 656, 657]
632: [607, 657, 658]
633: [608, 658, 659]
634: [609, 659, 660]
635: [610, 660, 661]
636: [611, 661, 662]
637: [612, 662, 663]
638: [613, 663, 664]
639: [614, 664, 665]
640: [615, 665, 666]
641: [616, 666, 667]
642: [617, 667, 668]
643: [618, 668, 669]
644: [619, 669, 670]
645: [620, 670, 671]
646: [621, 671, 672]
647: [622, 672, 673]
648: [623, 673, 674]
649: [624, 675]
650: [624, 625, 676]
651: [625, 626, 677]
652: [626, 627, 678]
653: [627, 628, 679]
654: [628, 629, 680]
655: [629, 630, 681]
656: [630, 631, 682]
657: [631, 632, 683]
658: [632, 633, 684]
659: [633, 634, 685]
660: [634, 635, 686]
661: [635, 636, 687]
662: [636, 637, 688]
663: [637, 638, 689]
664: [638, 639, 690]
665: [639, 640, 691]
666: [640, 641, 692]
667: [641, 642, 693]
668: [642, 643, 694]
669: [643, 644, 695]
670: [644, 645, 696]
671: [645, 646, 697]
672: [646, 647, 698]
673: [647, 648, 699]
674: [648, 700]
675: [649, 701]
676: [650, 701, 702]
677: [651, 702, 703]
678: [652, 703, 704]
679: [653, 704, 705]
680: [654, 705, 706]
681: [655, 706, 707]
682: [656, 707, 708]
683: [657, 708, 709]
684: [658, 709, 710]
685: [659, 710, 711]
686: [660, 711, 712]
687: [661, 712, 713]
688: [662, 713, 714]
689: [663, 714, 715]
690: [664, 715, 716]
691: [665, 716, 717]
692: [666, 717, 718]
693: [667, 718, 719]
694: [668, 719, 720]
695: [669, 720, 721]
696: [670, 721, 722]
697: [671, 722, 723]
698: [672, 723, 724]
699: [673, 724, 725]
700: [674, 725]
701: [675, 676]
702: [676, 677]
703: [677, 678]
704: [678, 679]
705: [679, 680]
706: [680, 681]
707: [681, 682]
708: [682, 683]
709: [683, 684]
710: [684, 685]
711: [685, 686]
712: [686, 687]
713: [687, 688]
714: [688, 689]
715: [689, 690]
716: [690, 691]
717: [691, 692]
718: [692, 693]
719: [693, 694]
720: [694, 695]
721: [695, 696]
722: [696, 697]
723: [697, 698]
724: [698, 699]
725: [699, 700]
Corners: [0, 675, 701]