[[ 9033.64137016  9033.12786283  9033.12786283  9030.6143555   9030.6143555
   9027.71066714  9028.00453652  9027.71066714  9022.80697879
   9021.73086926  9022.80697879  9018.18377711  9019.52649211
   9019.52649211  9018.18377711  9011.56057544  9011.04162828
   9011.04162828  9011.56057544  9005.76668933  9007.73125987
   9002.86713287  9007.73125987  9005.76668933  8997.97280322
   8997.59157588  8990.32899819  8997.59157588  8997.97280322
   8991.50587549  8993.64584485  8988.39762294  8988.39762294
   8993.64584485  8991.50587549  8983.03894776  8982.37315543
   8974.27229474  8974.27229474  8982.37315543  8983.03894776
   8976.36098143  8978.24998635  8972.22363511  8959.19562618
   8972.22363511  8978.24998635  8976.36098143  8967.68301511
   8966.33785585  8957.02545515  8940.63606562  8957.02545515
   8966.33785585  8967.68301511  8961.22058364  8962.46748025
   8955.29610096  8940.55662939  8940.55662939  8955.29610096
   8962.46748025  8961.22058364  8952.75815217  8950.38156979
   8939.52499187  8921.00836739  8921.00836739  8939.52499187
   8950.38156979  8952.75815217  8946.89721018  8947.15666269
   8938.52056644  8921.75830821  8897.71016458  8921.75830821
   8938.52056644  8947.15666269  8946.89721018  8939.03626819
   8935.33026611  8922.65513765  8901.74156537  8873.40190841
   8901.74156537  8922.65513765  8935.33026611  8939.03626819  8934.1148772
   8933.0967172   8922.73741844  8903.70742806  8876.75895983
   8876.75895983  8903.70742806  8922.73741844  8933.0967172   8934.1148772
   8927.19348621  8921.92361729  8907.22685156  8883.72558117
   8852.13340572  8852.13340572  8883.72558117  8907.22685156
   8921.92361729  8927.19348621  8923.49399701  8920.97158441
   8908.70255027  8887.24058598  8857.22872948  8819.41252785
   8857.22872948  8887.24058598  8908.70255027  8920.97158441
   8923.49399701  8917.79450782  8910.79764972  8893.95718196  8867.7693252
   8832.82720155  8789.83613957  8832.82720155  8867.7693252   8893.95718196
   8910.79764972  8917.79450782  8915.53617479  8911.35335165
   8897.06801311  8873.10098251  8839.96640711  8798.28646806
   8798.28646806  8839.96640711  8873.10098251  8897.06801311
   8911.35335165  8915.53617479  8911.27784176  8902.46789742
   8883.44920763  8854.57644037  8816.30269457  8769.19606307
   8769.19606307  8816.30269457  8854.57644037  8883.44920763
   8902.46789742  8911.27784176  8910.61060415  8904.68674633
   8888.36359426  8861.91601553  8825.71232306  8780.22935354
   8726.07236761  8780.22935354  8825.71232306  8861.91601553
   8888.36359426  8904.68674633  8910.61060415  8907.94336655
   8897.31449982  8876.17367774  8844.72239859  8803.25783425
   8752.18930297  8692.06053206  8752.18930297  8803.25783425
   8844.72239859  8876.17367774  8897.31449982  8907.94336655
   8908.94336655  8901.27612894  8882.98062419  8854.17681478
   8815.07436547  8765.98681423  8707.35174115  8707.35174115
   8765.98681423  8815.07436547  8854.17681478  8882.98062419
   8901.27612894  8908.94336655  8907.94336655  8895.57052046
   8872.45369501  8838.634368    8794.24286355  8739.51330547
   8674.80538842  8674.80538842  8739.51330547  8794.24286355  8838.634368
   8872.45369501  8895.57052046  8907.94336655  8910.61060415
   8901.27612894  8881.15930349  8850.22115734  8808.50513187
   8756.14909333  8693.40400885  8620.66041525  8693.40400885
   8756.14909333  8808.50513187  8850.22115734  8881.15930349
   8901.27612894  8910.61060415  8911.27784176  8897.31449982
   8872.45369501  8836.57540902  8789.63816406  8731.69111096
   8662.89333267  8583.54192258  8662.89333267  8731.69111096
   8789.63816406  8836.57540902  8872.45369501  8897.31449982
   8911.27784176  8915.53617479  8904.68674633  8882.98062419
   8850.22115734  8806.28391238  8751.12544792  8684.79879162
   8607.47719752  8607.47719752  8684.79879162  8751.12544792
   8806.28391238  8850.22115734  8882.98062419  8904.68674633
   8915.53617479  8917.79450782  8902.46789742  8876.17367774  8838.634368
   8789.63816406  8729.04706875  8656.81193124  8572.99633732
   8572.99633732  8656.81193124  8729.04706875  8789.63816406  8838.634368
   8876.17367774  8902.46789742  8917.79450782  8923.49399701
   8911.35335165  8888.36359426  8854.17681478  8808.50513187
   8751.12544792  8681.89031041  8600.7466917   8507.76512275  8600.7466917
   8681.89031041  8751.12544792  8808.50513187  8854.17681478
   8888.36359426  8911.35335165  8923.49399701  8927.19348621
   8910.79764972  8883.44920763  8844.72239859  8794.24286355
   8731.69111096  8656.81193124  8569.43180652  8469.48715099
   8569.43180652  8656.81193124  8731.69111096  8794.24286355
   8844.72239859  8883.44920763  8910.79764972  8927.19348621  8934.1148772
   8920.97158441  8897.06801311  8861.91601553  8815.07436547
   8756.14909333  8684.79879162  8600.7466917   8503.80203616
   8503.80203616  8600.7466917   8684.79879162  8756.14909333
   8815.07436547  8861.91601553  8897.06801311  8920.97158441  8934.1148772
   8939.03626819  8921.92361729  8893.95718196  8854.57644037
   8803.25783425  8739.51330547  8662.89333267  8572.99633732
   8469.48715099  8469.48715099  8572.99633732  8662.89333267
   8739.51330547  8803.25783425  8854.57644037  8893.95718196
   8921.92361729  8939.03626819  8946.89721018  8933.0967172   8908.70255027
   8873.10098251  8825.71232306  8765.98681423  8693.40400885
   8607.47719752  8507.76512275  8503.80203616  8507.76512275
   8607.47719752  8693.40400885  8765.98681423  8825.71232306
   8873.10098251  8908.70255027  8933.0967172   8946.89721018
   8952.75815217  8935.33026611  8907.22685156  8867.7693252   8816.30269457
   8752.18930297  8674.80538842  8583.54192258  8572.99633732
   8569.43180652  8572.99633732  8583.54192258  8674.80538842
   8752.18930297  8816.30269457  8867.7693252   8907.22685156
   8935.33026611  8952.75815217  8961.22058364  8947.15666269
   8922.73741844  8887.24058598  8839.96640711  8780.22935354
   8707.35174115  8620.66041525  8607.47719752  8600.7466917   8600.7466917
   8607.47719752  8620.66041525  8707.35174115  8780.22935354
   8839.96640711  8887.24058598  8922.73741844  8947.15666269
   8961.22058364  8967.68301511  8950.38156979  8922.65513765
   8883.72558117  8832.82720155  8769.19606307  8692.06053206
   8674.80538842  8662.89333267  8656.81193124  8656.81193124
   8662.89333267  8674.80538842  8692.06053206  8769.19606307
   8832.82720155  8883.72558117  8922.65513765  8950.38156979
   8967.68301511  8976.36098143  8962.46748025  8938.52056644
   8903.70742806  8857.22872948  8798.28646806  8726.07236761
   8707.35174115  8693.40400885  8684.79879162  8681.89031041
   8684.79879162  8693.40400885  8707.35174115  8726.07236761
   8798.28646806  8857.22872948  8903.70742806  8938.52056644
   8962.46748025  8976.36098143  8983.03894776  8966.33785585
   8939.52499187  8901.74156537  8852.13340572  8789.83613957
   8769.19606307  8752.18930297  8739.51330547  8731.69111096
   8729.04706875  8731.69111096  8739.51330547  8752.18930297
   8769.19606307  8789.83613957  8852.13340572  8901.74156537
   8939.52499187  8966.33785585  8983.03894776  8991.50587549
   8978.24998635  8955.29610096  8921.75830821  8876.75895983
   8819.41252785  8798.28646806  8780.22935354  8765.98681423
   8756.14909333  8751.12544792  8751.12544792  8756.14909333
   8765.98681423  8780.22935354  8798.28646806  8819.41252785
   8876.75895983  8921.75830821  8955.29610096  8978.24998635
   8991.50587549  8997.97280322  8982.37315543  8957.02545515
   8921.00836739  8873.40190841  8852.13340572  8832.82720155
   8816.30269457  8803.25783425  8794.24286355  8789.63816406
   8789.63816406  8794.24286355  8803.25783425  8816.30269457
   8832.82720155  8852.13340572  8873.40190841  8921.00836739
   8957.02545515  8982.37315543  8997.97280322  9005.76668933
   8993.64584485  8972.22363511  8940.55662939  8897.71016458
   8876.75895983  8857.22872948  8839.96640711  8825.71232306
   8815.07436547  8808.50513187  8806.28391238  8808.50513187
   8815.07436547  8825.71232306  8839.96640711  8857.22872948
   8876.75895983  8897.71016458  8940.55662939  8972.22363511
   8993.64584485  9005.76668933  9011.56057544  8997.59157588
   8974.27229474  8940.63606562  8921.00836739  8901.74156537
   8883.72558117  8867.7693252   8854.57644037  8844.72239859  8838.634368
   8836.57540902  8838.634368    8844.72239859  8854.57644037  8867.7693252
   8883.72558117  8901.74156537  8921.00836739  8940.63606562
   8974.27229474  8997.59157588  9011.56057544  9018.18377711
   9007.73125987  8988.39762294  8959.19562618  8940.55662939
   8921.75830821  8903.70742806  8887.24058598  8873.10098251
   8861.91601553  8854.17681478  8850.22115734  8850.22115734
   8854.17681478  8861.91601553  8873.10098251  8887.24058598
   8903.70742806  8921.75830821  8940.55662939  8959.19562618
   8988.39762294  9007.73125987  9018.18377711  9022.80697879
   9011.04162828  8990.32899819  8974.27229474  8957.02545515
   8939.52499187  8922.65513765  8907.22685156  8893.95718196
   8883.44920763  8876.17367774  8872.45369501  8872.45369501
   8876.17367774  8883.44920763  8893.95718196  8907.22685156
   8922.65513765  8939.52499187  8957.02545515  8974.27229474
   8990.32899819  9011.04162828  9022.80697879  9027.71066714
   9019.52649211  9002.86713287  8988.39762294  8972.22363511
   8955.29610096  8938.52056644  8922.73741844  8908.70255027
   8897.06801311  8888.36359426  8882.98062419  8881.15930349
   8882.98062419  8888.36359426  8897.06801311  8908.70255027
   8922.73741844  8938.52056644  8955.29610096  8972.22363511
   8988.39762294  9002.86713287  9019.52649211  9027.71066714  9030.6143555
   9021.73086926  9011.04162828  8997.59157588  8982.37315543
   8966.33785585  8950.38156979  8935.33026611  8921.92361729
   8910.79764972  8902.46789742  8897.31449982  8895.57052046
   8897.31449982  8902.46789742  8910.79764972  8921.92361729
   8935.33026611  8950.38156979  8966.33785585  8982.37315543
   8997.59157588  9011.04162828  9021.73086926  9030.6143555   9033.12786283
   9028.00453652  9019.52649211  9007.73125987  8993.64584485
   8978.24998635  8962.46748025  8947.15666269  8933.0967172   8920.97158441
   8911.35335165  8904.68674633  8901.27612894  8901.27612894
   8904.68674633  8911.35335165  8920.97158441  8933.0967172   8947.15666269
   8962.46748025  8978.24998635  8993.64584485  9007.73125987
   9019.52649211  9028.00453652  9033.12786283  9033.64137016  9030.6143555
   9022.80697879  9011.56057544  8997.97280322  8983.03894776
   8967.68301511  8952.75815217  8939.03626819  8927.19348621
   8917.79450782  8911.27784176  8907.94336655  8907.94336655
   8911.27784176  8917.79450782  8927.19348621  8939.03626819
   8952.75815217  8967.68301511  8983.03894776  8997.97280322
   9011.56057544  9022.80697879  9030.6143555   9033.64137016
   9033.12786283  9027.71066714  9018.18377711  9005.76668933
   8991.50587549  8976.36098143  8961.22058364  8946.89721018  8934.1148772
   8923.49399701  8915.53617479  8910.61060415  8908.94336655
   8910.61060415  8915.53617479  8923.49399701  8934.1148772   8946.89721018
   8961.22058364  8976.36098143  8991.50587549  9005.76668933
   9018.18377711  9027.71066714  9033.12786283]]
9033.64137016
8469.48715099

Random walk Closeness centrality
[[ 0.00031412  0.00031408  0.00031408  0.00031395  0.00031395  0.0003139
   0.00031388  0.0003139   0.00031376  0.00031374  0.00031376  0.00031371
   0.00031368  0.00031368  0.00031371  0.00031358  0.00031355  0.00031355
   0.00031358  0.00031354  0.0003135   0.00031348  0.0003135   0.00031354
   0.00031341  0.00031337  0.00031336  0.00031337  0.00031341  0.00031338
   0.00031333  0.0003133   0.0003133   0.00031333  0.00031338  0.00031326
   0.00031321  0.00031318  0.00031318  0.00031321  0.00031326  0.00031324
   0.00031317  0.00031314  0.00031312  0.00031314  0.00031317  0.00031324
   0.00031312  0.00031306  0.00031303  0.00031302  0.00031303  0.00031306
   0.00031312  0.00031311  0.00031304  0.00031299  0.00031297  0.00031297
   0.00031299  0.00031304  0.00031311  0.00031301  0.00031294  0.00031289
   0.00031287  0.00031287  0.00031289  0.00031294  0.00031301  0.000313
   0.00031292  0.00031286  0.00031283  0.00031282  0.00031283  0.00031286
   0.00031292  0.000313    0.00031291  0.00031283  0.00031277  0.00031274
   0.00031273  0.00031274  0.00031277  0.00031283  0.00031291  0.00031291
   0.00031282  0.00031275  0.00031271  0.00031269  0.00031269  0.00031271
   0.00031275  0.00031282  0.00031291  0.00031283  0.00031274  0.00031267
   0.00031263  0.00031261  0.00031261  0.00031263  0.00031267  0.00031274
   0.00031283  0.00031284  0.00031274  0.00031267  0.00031261  0.00031258
   0.00031256  0.00031258  0.00031261  0.00031267  0.00031274  0.00031284
   0.00031277  0.00031267  0.00031259  0.00031254  0.0003125   0.00031249
   0.0003125   0.00031254  0.00031259  0.00031267  0.00031277  0.0003128
   0.00031268  0.0003126   0.00031253  0.00031249  0.00031246  0.00031246
   0.00031249  0.00031253  0.0003126   0.00031268  0.0003128   0.00031273
   0.00031262  0.00031253  0.00031247  0.00031242  0.0003124   0.0003124
   0.00031242  0.00031247  0.00031253  0.00031262  0.00031273  0.00031277
   0.00031265  0.00031255  0.00031247  0.00031241  0.00031238  0.00031237
   0.00031238  0.00031241  0.00031247  0.00031255  0.00031265  0.00031277
   0.00031271  0.00031259  0.00031249  0.00031242  0.00031236  0.00031233
   0.00031232  0.00031233  0.00031236  0.00031242  0.00031249  0.00031259
   0.00031271  0.00031276  0.00031263  0.00031252  0.00031243  0.00031236
   0.00031232  0.0003123   0.0003123   0.00031232  0.00031236  0.00031243
   0.00031252  0.00031263  0.00031276  0.00031271  0.00031258  0.00031247
   0.00031239  0.00031232  0.00031228  0.00031226  0.00031226  0.00031228
   0.00031232  0.00031239  0.00031247  0.00031258  0.00031271  0.00031277
   0.00031263  0.00031251  0.00031241  0.00031233  0.00031228  0.00031225
   0.00031224  0.00031225  0.00031228  0.00031233  0.00031241  0.00031251
   0.00031263  0.00031277  0.00031273  0.00031259  0.00031247  0.00031238
   0.0003123   0.00031225  0.00031222  0.00031221  0.00031222  0.00031225
   0.0003123   0.00031238  0.00031247  0.00031259  0.00031273  0.0003128
   0.00031265  0.00031252  0.00031241  0.00031232  0.00031226  0.00031222
   0.0003122   0.0003122   0.00031222  0.00031226  0.00031232  0.00031241
   0.00031252  0.00031265  0.0003128   0.00031277  0.00031262  0.00031249
   0.00031239  0.0003123   0.00031224  0.0003122   0.00031218  0.00031218
   0.0003122   0.00031224  0.0003123   0.00031239  0.00031249  0.00031262
   0.00031277  0.00031284  0.00031268  0.00031255  0.00031243  0.00031233
   0.00031226  0.00031221  0.00031218  0.00031216  0.00031218  0.00031221
   0.00031226  0.00031233  0.00031243  0.00031255  0.00031268  0.00031284
   0.00031283  0.00031267  0.00031253  0.00031242  0.00031232  0.00031225
   0.0003122   0.00031216  0.00031215  0.00031216  0.0003122   0.00031225
   0.00031232  0.00031242  0.00031253  0.00031267  0.00031283  0.00031291
   0.00031274  0.0003126   0.00031247  0.00031236  0.00031228  0.00031222
   0.00031218  0.00031215  0.00031215  0.00031218  0.00031222  0.00031228
   0.00031236  0.00031247  0.0003126   0.00031274  0.00031291  0.00031291
   0.00031274  0.00031259  0.00031247  0.00031236  0.00031228  0.00031222
   0.00031218  0.00031215  0.00031215  0.00031218  0.00031222  0.00031228
   0.00031236  0.00031247  0.00031259  0.00031274  0.00031291  0.000313
   0.00031282  0.00031267  0.00031253  0.00031241  0.00031232  0.00031225
   0.0003122   0.00031216  0.00031215  0.00031216  0.0003122   0.00031225
   0.00031232  0.00031241  0.00031253  0.00031267  0.00031282  0.000313
   0.00031301  0.00031283  0.00031267  0.00031254  0.00031242  0.00031233
   0.00031226  0.00031221  0.00031218  0.00031216  0.00031218  0.00031221
   0.00031226  0.00031233  0.00031242  0.00031254  0.00031267  0.00031283
   0.00031301  0.00031311  0.00031292  0.00031275  0.00031261  0.00031249
   0.00031238  0.0003123   0.00031224  0.0003122   0.00031218  0.00031218
   0.0003122   0.00031224  0.0003123   0.00031238  0.00031249  0.00031261
   0.00031275  0.00031292  0.00031311  0.00031312  0.00031294  0.00031277
   0.00031263  0.0003125   0.0003124   0.00031232  0.00031226  0.00031222
   0.0003122   0.0003122   0.00031222  0.00031226  0.00031232  0.0003124
   0.0003125   0.00031263  0.00031277  0.00031294  0.00031312  0.00031324
   0.00031304  0.00031286  0.00031271  0.00031258  0.00031246  0.00031237
   0.0003123   0.00031225  0.00031222  0.00031221  0.00031222  0.00031225
   0.0003123   0.00031237  0.00031246  0.00031258  0.00031271  0.00031286
   0.00031304  0.00031324  0.00031326  0.00031306  0.00031289  0.00031274
   0.00031261  0.00031249  0.0003124   0.00031233  0.00031228  0.00031225
   0.00031224  0.00031225  0.00031228  0.00031233  0.0003124   0.00031249
   0.00031261  0.00031274  0.00031289  0.00031306  0.00031326  0.00031338
   0.00031317  0.00031299  0.00031283  0.00031269  0.00031256  0.00031246
   0.00031238  0.00031232  0.00031228  0.00031226  0.00031226  0.00031228
   0.00031232  0.00031238  0.00031246  0.00031256  0.00031269  0.00031283
   0.00031299  0.00031317  0.00031338  0.00031341  0.00031321  0.00031303
   0.00031287  0.00031273  0.00031261  0.0003125   0.00031242  0.00031236
   0.00031232  0.0003123   0.0003123   0.00031232  0.00031236  0.00031242
   0.0003125   0.00031261  0.00031273  0.00031287  0.00031303  0.00031321
   0.00031341  0.00031354  0.00031333  0.00031314  0.00031297  0.00031282
   0.00031269  0.00031258  0.00031249  0.00031241  0.00031236  0.00031233
   0.00031232  0.00031233  0.00031236  0.00031241  0.00031249  0.00031258
   0.00031269  0.00031282  0.00031297  0.00031314  0.00031333  0.00031354
   0.00031358  0.00031337  0.00031318  0.00031302  0.00031287  0.00031274
   0.00031263  0.00031254  0.00031247  0.00031242  0.00031239  0.00031238
   0.00031239  0.00031242  0.00031247  0.00031254  0.00031263  0.00031274
   0.00031287  0.00031302  0.00031318  0.00031337  0.00031358  0.00031371
   0.0003135   0.0003133   0.00031312  0.00031297  0.00031283  0.00031271
   0.00031261  0.00031253  0.00031247  0.00031243  0.00031241  0.00031241
   0.00031243  0.00031247  0.00031253  0.00031261  0.00031271  0.00031283
   0.00031297  0.00031312  0.0003133   0.0003135   0.00031371  0.00031376
   0.00031355  0.00031336  0.00031318  0.00031303  0.00031289  0.00031277
   0.00031267  0.00031259  0.00031253  0.00031249  0.00031247  0.00031247
   0.00031249  0.00031253  0.00031259  0.00031267  0.00031277  0.00031289
   0.00031303  0.00031318  0.00031336  0.00031355  0.00031376  0.0003139
   0.00031368  0.00031348  0.0003133   0.00031314  0.00031299  0.00031286
   0.00031275  0.00031267  0.0003126   0.00031255  0.00031252  0.00031251
   0.00031252  0.00031255  0.0003126   0.00031267  0.00031275  0.00031286
   0.00031299  0.00031314  0.0003133   0.00031348  0.00031368  0.0003139
   0.00031395  0.00031374  0.00031355  0.00031337  0.00031321  0.00031306
   0.00031294  0.00031283  0.00031274  0.00031267  0.00031262  0.00031259
   0.00031258  0.00031259  0.00031262  0.00031267  0.00031274  0.00031283
   0.00031294  0.00031306  0.00031321  0.00031337  0.00031355  0.00031374
   0.00031395  0.00031408  0.00031388  0.00031368  0.0003135   0.00031333
   0.00031317  0.00031304  0.00031292  0.00031282  0.00031274  0.00031268
   0.00031265  0.00031263  0.00031263  0.00031265  0.00031268  0.00031274
   0.00031282  0.00031292  0.00031304  0.00031317  0.00031333  0.0003135
   0.00031368  0.00031388  0.00031408  0.00031412  0.00031395  0.00031376
   0.00031358  0.00031341  0.00031326  0.00031312  0.00031301  0.00031291
   0.00031283  0.00031277  0.00031273  0.00031271  0.00031271  0.00031273
   0.00031277  0.00031283  0.00031291  0.00031301  0.00031312  0.00031326
   0.00031341  0.00031358  0.00031376  0.00031395  0.00031412  0.00031408
   0.0003139   0.00031371  0.00031354  0.00031338  0.00031324  0.00031311
   0.000313    0.00031291  0.00031284  0.0003128   0.00031277  0.00031276
   0.00031277  0.0003128   0.00031284  0.00031291  0.000313    0.00031311
   0.00031324  0.00031338  0.00031354  0.00031371  0.0003139   0.00031408]]
0.000314123249916
0.000312154413561
