[[ 603.79804941  603.48699657  596.22113604  604.35208865  604.29521837
   598.6438243   603.06110977  603.11261232  603.8360642   601.03328206
   605.06821401  600.56700818  595.24220941  598.99895591  602.58872517
   601.46078447  604.34078923  604.13985581  598.76968246  605.24192455
   603.36411781  599.74104659  603.61792286  603.55374342  602.50267706
   603.79358355  605.04745238  602.93984452  602.90471356  603.70275352
   594.43220661  601.45850157  602.77582399  604.59264338  604.59912176
   596.8886487   604.16265029  604.02351015  604.31533689  595.85177585
   597.51316953  601.27083634  605.65488329  604.41899323  594.73490046
   601.73329687  603.87746519  601.38955535  605.14228788  603.14963201
   605.10210596  603.30159566  601.02515445  603.16791078  602.3378734
   590.2066825   604.21729756  603.43044624  601.77108392  603.08611016
   605.07448477  588.51567524  599.73538639  603.41616314  602.37908768
   604.46691749  591.00081426  599.83063504  601.79777773  601.72433442
   599.35690088  601.50317198  602.99757002  604.36697858  600.30318129
   600.44240959  595.3645783   605.34387504  603.55663688  596.20391862
   603.99759494  603.24034569  598.99332264  604.63588729  604.76280608
   601.29884191  602.90120063  605.86538347  605.38199497  605.07568916
   604.20740238  597.37185026  602.52283685  603.56498688  590.94576424
   604.42395834  604.83570934  605.39030842  591.35846031  604.6612461
   603.64569466  603.42275723  605.31041027  593.60028563  605.46819264
   600.06412624  604.7154663   602.36441593  604.13087463  602.66755606
   602.93586936  603.12497357  603.50317227  603.5734162   601.92880953
   600.88210241  600.58158509  599.08179333  605.06506461  591.87152252
   605.62605165  603.40309564  601.96127623  604.53549124  605.55371517
   604.64240836  604.58262621  604.55267488  600.62243447  603.91668436
   604.82684443  601.32337536  605.09143999  596.26503526  601.88693848
   604.1143912   605.61556388  602.94266666  603.65310175  605.57929537
   600.63681679  604.42701104  603.35573818  605.50837558  605.95410869
   602.78429515  595.52495316  603.2641151   592.07145572  602.90948141
   603.81765365  605.39984017  604.74007661  589.10491348  602.89913221
   591.86282187  595.66393064  605.20467512  603.29342383  603.78029013
   601.12042923  605.84252681  605.22773888  604.88360848  602.59869186
   604.68823549  601.20538149  604.88525213  602.23673267  605.98995518
   599.30110866  605.20109397  603.18820945  598.33660605  604.95990062
   597.57116371  600.24268025  588.41904017  605.11162994  604.59193122
   605.65042447  604.58178268  605.98919923  589.63289527  605.79660474
   603.23525689  595.06383871  602.7265574   602.97140674  592.2585715
   604.78864584  591.92695107  604.28220563  603.57851615  603.2634037
   604.79562776  602.8005961   604.58552615  589.0947532   597.70235582
   604.27647478  601.57123667  605.62519547  603.96273938  603.54173614
   604.90795287  600.75565777  605.12199631  595.72365578  599.95936496
   602.96313636  602.94529181  589.31111283  605.93555998  604.06725474
   605.07475923  605.60226417  591.26636806  606.154892    604.56183074
   605.07938529  605.08388354  605.91054896  604.56507446  605.26737673]]
606.154892
588.419040165

Random walk Closeness centrality
[[ 0.00268511  0.00268193  0.00268204  0.00268585  0.00268246  0.00268288
   0.00268317  0.0026824   0.00268218  0.00268295  0.00268543  0.00268939
   0.00268309  0.00268412  0.00268484  0.00268534  0.00268616  0.0026878
   0.0026868   0.00268701  0.00268508  0.00268364  0.00268729  0.00268542
   0.00268488  0.00268644  0.002689    0.00268598  0.00268596  0.00268766
   0.0026877   0.00268641  0.00268486  0.00268485  0.00268776  0.00268825
   0.00269072  0.0026866   0.00268545  0.00268934  0.00268674  0.00268872
   0.00268724  0.00268801  0.00268887  0.00268532  0.00268911  0.00268894
   0.00268996  0.00268731  0.00268563  0.00269093  0.00269021  0.00268913
   0.00268859  0.00268989  0.00268837  0.00268886  0.0026905   0.0026896
   0.00268758  0.00268729  0.0026871   0.00268865  0.00269159  0.00269154
   0.00269134  0.0026935   0.00268728  0.00268789  0.00269281  0.00268895
   0.00269066  0.00268955  0.00269122  0.00269215  0.00269091  0.00268968
   0.00269109  0.00268969  0.00269124  0.00269054  0.0026893   0.00269295
   0.00268996  0.00268959  0.00269032  0.00268988  0.00268876  0.0026904
   0.00269027  0.00269009  0.00268942  0.00269274  0.00269073  0.00268814
   0.00268967  0.0026931   0.00268954  0.00269165  0.00268835  0.00269512
   0.00269083  0.0026915   0.00269384  0.0026935   0.00269075  0.00269468
   0.00269134  0.00269545  0.00268923  0.00269287  0.00269186  0.00269043
   0.00268935  0.00268962  0.00269578  0.00269427  0.00269477  0.0026919
   0.00269326  0.00269072  0.00269346  0.00269261  0.00269548  0.0026912
   0.00269105  0.00268924  0.00269369  0.00269074  0.00269634  0.00269131
   0.00269269  0.00270065  0.00269293  0.00269372  0.00269045  0.00269534
   0.0026944   0.00269451  0.0026949   0.00269311  0.00269333  0.00269405
   0.0026989   0.0026942   0.00269609  0.00269204  0.00269292  0.00269125
   0.00269027  0.00269156  0.0026924   0.00269483  0.00269548  0.00269318
   0.00269888  0.00269586  0.00269045  0.00269212  0.00269256  0.00269434
   0.00269563  0.0026973   0.00269228  0.00269573  0.00269302  0.0026954
   0.00269231  0.00269207  0.00269042  0.00269557  0.00269149  0.00269538
   0.00269241  0.00269547  0.00269219  0.00269586  0.00269157  0.00269491
   0.00269748  0.00269891  0.00269687  0.00269429  0.00269931  0.00269623
   0.00269439  0.00269487  0.00269594  0.00269744  0.00269363  0.00269618
   0.0026989   0.002692    0.00269141  0.00269446  0.00269637  0.00269484
   0.0026915   0.00269641  0.00269468  0.00269498  0.00269396  0.00269319
   0.00269724  0.00269555  0.00269241  0.00269217  0.00269436  0.00269767
   0.00269683  0.00269315  0.00269845  0.00269513  0.00269625  0.00270023
   0.00269822  0.00269998  0.00269606  0.0026976   0.0026941   0.00269477
   0.00269385  0.00269052  0.00269488]]
0.00270064816494
0.00268193251131
